world: world
x: -110.50177087149079
y: 69.0
z: -77.65372179609453
yaw: 181.20009
pitch: -7.2000093
name: Afk
