world: world
x: -114.47543116132456
y: 83.0
z: -17.551637967228984
yaw: 89.54959
pitch: -5.399993
name: Donatevip
