world: world
x: -150.49258263824655
y: 92.0
z: -14.497292612422383
yaw: 90.299736
pitch: -1.0500139
name: donate2
