world: world
x: -161.36664574092478
y: 86.0
z: -16.366245226105146
yaw: 1.6450195
pitch: -4.050009
name: donate
