world: world
x: -226.92091123925536
y: 87.0
z: -46.3504843427777
yaw: -86.10513
pitch: -0.59999424
name: drop
