world: world
x: -159.52393962787244
y: 86.0
z: -85.60876458650687
yaw: 180.90161
pitch: -4.349999
name: enchant
