world: world
x: 100623.32609883657
y: 90.0
z: 1.0000114680925084E7
yaw: -220.79909
pitch: 2.9998913
name: eventmine
