world: world
x: 1.0000092467228802E7
y: 177.0
z: 9999774.528673869
yaw: 0.6072998
pitch: -0.60000217
name: Farmmob
