world: world
x: -67.03370315345731
y: 65.0
z: -50.61379071635783
yaw: 270.45035
pitch: 1.9499935
name: PvP
