world: world
x: 2921.5112973455493
y: 71.0
z: 1702.494896639252
yaw: 271.06635
pitch: -0.900007
name: survival
