world: world
x: -207.49004825617678
y: 109.0
z: -3.449584797800648
yaw: -0.29990953
pitch: -0.9001491
name: thegioikhac
