world: world
x: -95.81246541938302
y: 68.0
z: -60.56146831285912
yaw: 270.44678
pitch: -2.849983
name: thongtinevent
