world: world
x: -114.3922074837893
y: 48.0
z: -17.473817211408814
yaw: 269.2458
pitch: 8.8498335
name: trade2
