world: world
x: -114.5
y: 69.0
z: -17.5
yaw: -0.15174194
pitch: -6.1499925
name: trade
