spawns: 
  default: 
    world: world
    x: -683.5137641121548
    y: 46.0
    z: 578.5396065826577
    yaw: 0.006289852
    pitch: -2.5499935
