world: world
x: 333.47160951994186
y: 70.0
z: -294.67220288842276
yaw: 182.24976
pitch: 6.1500354
name: donate
