world: world
x: 309.5
y: 83.0
z: -250.5
yaw: 45.147964
pitch: 1.3499969
name: enchant
