world: pvp
x: 1701.4227890093084
y: 12.0
z: -1027.4863253496596
yaw: -91.499985
pitch: -4.1999965
name: pvp
