world: world
x: 334.9566171819276
y: 85.0
z: -311.63192552156625
yaw: 179.85101
pitch: 1.0500127
name: trade
