socialspy: false
lastAccountName: yrerht
timestamps:
  login: 1477788601547
  logout: 1477788641798
ipAddress: 117.2.130.122
lastlocation:
  world: world
  x: -165.5
  y: 87.0
  z: -85.5
  yaw: 0.0
  pitch: 0.0
logoutlocation:
  world: world
  x: -159.5
  y: 88.0
  z: -77.5
  yaw: -13.350015
  pitch: 11.399989
