socialspy: false
lastAccountName: haychat
timestamps:
  login: 1477650824030
  logout: 1477650937082
ipAddress: 115.78.126.139
lastlocation:
  world: world
  x: -153.5
  y: 86.0
  z: -71.5
  yaw: 0.0
  pitch: 0.0
logoutlocation:
  world: world
  x: -159.5
  y: 88.0
  z: -77.5
  yaw: 17.099989
  pitch: 50.099987
