socialspy: false
lastAccountName: 6sjB1q_m3C5rUmHE
timestamps:
  login: 1477319964031
  logout: 1477319967005
ipAddress: 208.103.10.152
lastlocation:
  world: world
  x: -158.5
  y: 88.0
  z: -78.5
  yaw: 0.0
  pitch: 0.0
logoutlocation:
  world: world
  x: -159.5
  y: 88.0
  z: -77.5
  yaw: 2.5499866
  pitch: -10.200014
