lastAccountName: miss_elisa
timestamps:
  login: 1476588097145
  kits:
    diemdanh: 1476588135572
    tanthu: 1476588122249
    food: 1476588118762
  lastteleport: 1476588146500
  logout: 1476588187018
ipAddress: 103.237.144.215
lastlocation:
  world: world
  x: -202.73130270337754
  y: 101.0
  z: -51.11794535537954
  yaw: 87.749954
  pitch: 8.24999
logoutlocation:
  world: world
  x: -108.75059840627077
  y: 68.0
  z: -44.89944002032159
  yaw: -121.049904
  pitch: 24.74996
