socialspy: false
lastAccountName: bilgtk22
timestamps:
  login: 1479004869681
  kits:
    diemdanh: 1479004952657
  lastteleport: 1479005101297
  logout: 1479005184191
ipAddress: 117.3.71.91
lastlocation:
  world: world
  x: -157.4106705148534
  y: 87.0
  z: -71.93785396169517
  yaw: -37.350025
  pitch: -1.5000143
logoutlocation:
  world: world
  x: -105.21020292556543
  y: 68.0
  z: -63.194939002258316
  yaw: 161.54823
  pitch: 25.800003
