socialspy: false
lastAccountName: sdsfd
timestamps:
  login: 1476957092618
  kits:
    diemdanh: 1476957160492
  logout: 1476957189228
ipAddress: 113.169.197.74
lastlocation:
  world: world
  x: -154.5
  y: 86.0
  z: -86.5
  yaw: 0.0
  pitch: 0.0
logoutlocation:
  world: world
  x: -161.70899904662616
  y: 86.0
  z: -61.57319830782329
  yaw: -36.7446
  pitch: 46.216743
