lastlocation:
  world: world
  x: -159.43605784578676
  y: 87.0
  z: -74.24667935309947
  yaw: 14.849989
  pitch: 38.849983
socialspy: false
lastAccountName: Minh_me147
timestamps:
  login: 1478753262937
  kits:
    diemdanh: 1478753293629
  lastteleport: 1478753306730
  logout: 1478753320190
ipAddress: 117.2.130.122
logoutlocation:
  world: world
  x: 4507.300000011921
  y: 19.0
  z: 2076.300000011921
  yaw: -317.02667
  pitch: 15.2999935
