lastAccountName: AnAnGa
timestamps:
  login: 1478415728900
  kits:
    diemdanh: 1478415755944
    tanthu: 1478415753959
    tools: 1478415749892
    food: 1478415752300
  lastteleport: 1478415817740
  logout: 1478415866317
ipAddress: 117.2.41.109
socialspy: false
lastlocation:
  world: world_the_end
  x: 22.30000001192093
  y: 34.0
  z: -7.30000001192093
  yaw: 254.39944
  pitch: -30.74999
logoutlocation:
  world: world
  x: -159.52460897667333
  y: 87.5
  z: -75.55845197832062
  yaw: 1.7999866
  pitch: 5.399986
