lastAccountName: llkkk
timestamps:
  login: 1478938523088
  logout: 1478938549739
ipAddress: 123.28.143.39
lastlocation:
  world: world
  x: -168.5
  y: 86.0
  z: -74.5
  yaw: 0.0
  pitch: 0.0
socialspy: false
logoutlocation:
  world: world
  x: -159.5
  y: 88.0
  z: -77.5
  yaw: 2.2499864
  pitch: -10.950014
