lastlocation:
  world: world
  x: -159.5
  y: 88.0
  z: -77.5
  yaw: 2.5499866
  pitch: -10.200014
lastAccountName: xlol154
timestamps:
  login: 1476578153068
  kits:
    diemdanh: 1476578213872
    tanthu: 1476578200787
    tools: 1476578197470
    food: 1476578326928
  lastteleport: 1476579570063
ipAddress: 103.237.144.215
money: '0.0'
