lastAccountName: khoa
timestamps:
  login: 1478668554720
  logout: 1478668653781
ipAddress: 113.188.78.5
socialspy: false
lastlocation:
  world: world
  x: -149.5
  y: 86.0
  z: -69.5
  yaw: 0.0
  pitch: 0.0
logoutlocation:
  world: world
  x: -159.51849317108528
  y: 88.0
  z: -77.53342517848388
  yaw: 157.0501
  pitch: 40.049995
