socialspy: false
lastAccountName: auco930
timestamps:
  login: 1478085651139
  logout: 1478085771555
ipAddress: 117.2.130.122
lastlocation:
  world: world
  x: -156.5
  y: 88.0
  z: -79.5
  yaw: 0.0
  pitch: 0.0
logoutlocation:
  world: world
  x: -159.5
  y: 88.0
  z: -77.5
  yaw: 72.44998
  pitch: -3.1499982
