lastAccountName: Best_ML_PVP
timestamps:
  login: 1478256819097
  kits:
    diemdanh: 1478256837503
  lastteleport: 1478256847080
  logout: 1478256859905
ipAddress: 113.176.152.77
socialspy: false
lastlocation:
  world: world
  x: -159.5
  y: 88.0
  z: -77.5
  yaw: 2.5499866
  pitch: -10.200014
logoutlocation:
  world: world
  x: 743.1879307467979
  y: 71.0
  z: 1705.2486001140248
  yaw: -17.619078
  pitch: 42.88431
