lastAccountName: Kassa_town02
timestamps:
  login: 1476944169795
  logout: 1476944215039
ipAddress: 14.170.2.174
socialspy: false
lastlocation:
  world: world
  x: -163.5
  y: 86.0
  z: -70.5
  yaw: 0.0
  pitch: 0.0
logoutlocation:
  world: world
  x: -159.5
  y: 88.0
  z: -77.5
  yaw: 0.7499866
  pitch: 11.999986
