lastAccountName: Kuro
timestamps:
  login: 1476976119895
  logout: 1476976231841
ipAddress: 113.184.194.233
lastlocation:
  world: world
  x: -169.5
  y: 86.0
  z: -73.5
  yaw: 0.0
  pitch: 0.0
socialspy: false
logoutlocation:
  world: world
  x: -157.96840259670108
  y: 88.0
  z: -77.6883599053542
  yaw: -97.35001
  pitch: 62.55
