lastAccountName: bibanbeo
timestamps:
  login: 1479020906307
  kits:
    diemdanh: 1479020927791
    tanthu: 1479020924982
    tools: 1479020920825
    food: 1479020923187
  lastteleport: 1479020980827
  logout: 1479021092306
ipAddress: 14.190.44.199
socialspy: false
lastlocation:
  world: world
  x: -226.89533799401187
  y: 87.0
  z: -46.795724178246445
  yaw: -83.10502
  pitch: 32.54999
logoutlocation:
  world: world
  x: 2781.0349800020986
  y: 75.02442408821369
  z: 1983.397405117439
  yaw: 74.565704
  pitch: 14.850037
