socialspy: false
lastAccountName: tjUuNOb3WFNCyd5B
timestamps:
  login: 1477319975833
  logout: 1477320009098
ipAddress: 185.100.86.167
lastlocation:
  world: world
  x: -159.5
  y: 86.0
  z: -84.5
  yaw: 0.0
  pitch: 0.0
logoutlocation:
  world: world
  x: -159.5
  y: 88.0
  z: -77.5
  yaw: 2.5499866
  pitch: -10.200014
