socialspy: false
lastAccountName: dasWDEA
timestamps:
  login: 1478415335828
  logout: 1478415393068
ipAddress: 113.170.255.178
lastlocation:
  world: world
  x: -151.5
  y: 86.0
  z: -75.5
  yaw: 0.0
  pitch: 0.0
logoutlocation:
  world: world
  x: -159.5482408902241
  y: 88.0
  z: -76.46994925973456
  yaw: -4.8000126
  pitch: 9.299987
