socialspy: false
lastAccountName: XenowzZOnYoutube
timestamps:
  login: 1477197774999
  logout: 1477198077090
  lastteleport: 1477198026952
ipAddress: 14.164.117.29
lastlocation:
  world: world
  x: 23.34358364886561
  y: 60.391999591784916
  z: -97.67635568623041
  yaw: -219.36116
  pitch: 3.3713784
logoutlocation:
  world: world
  x: -159.5
  y: 88.0
  z: -77.5
  yaw: 50.72838
  pitch: 57.317593
