lastlocation:
  world: world
  x: -160.1095161142266
  y: 87.0
  z: -18.338174961207784
  yaw: 167.75183
  pitch: 34.752594
lastAccountName: aimabik123
timestamps:
  login: 1477193955063
  kits:
    diemdanh: 1477194006876
    tanthu: 1477194038928
    tools: 1477194030368
    food: 1477194023468
  lastteleport: 1477194344720
  logout: 1477194417232
ipAddress: 116.118.8.106
socialspy: false
logoutlocation:
  world: world
  x: -113.32934861042935
  y: 69.0625
  z: -1.2810433776811065
  yaw: 76.291595
  pitch: 14.62
