socialspy: false
lastAccountName: sdsd
timestamps:
  login: 1476956796434
  kits:
    diemdanh: 1476956846617
    tanthu: 1476956905934
  logout: 1476957044621
ipAddress: 113.169.197.74
lastlocation:
  world: world
  x: -163.5
  y: 86.0
  z: -69.5
  yaw: 0.0
  pitch: 0.0
logoutlocation:
  world: world
  x: -158.58054920302467
  y: 86.0
  z: -65.52981795508809
  yaw: -225.18417
  pitch: 44.39294
