socialspy: false
lastlocation:
  world: world
  x: -154.5
  y: 86.0
  z: -74.5
  yaw: 0.0
  pitch: 0.0
lastAccountName: pinho
timestamps:
  login: 1476796462885
  logout: 1476796489023
ipAddress: 113.188.173.89
logoutlocation:
  world: world
  x: -158.9032479049014
  y: 86.0
  z: -63.95977686039531
  yaw: 2.9999866
  pitch: -10.500014
