lastAccountName: bim13112002
timestamps:
  login: 1477837607476
  logout: 1477837612531
ipAddress: 14.175.35.52
socialspy: false
lastlocation:
  world: world
  x: -151.5
  y: 86.0
  z: -85.5
  yaw: 0.0
  pitch: 0.0
logoutlocation:
  world: world
  x: -159.5
  y: 88.0
  z: -77.5
  yaw: -80.928345
  pitch: 48.789543
