socialspy: false
lastlocation:
  world: world
  x: -152.5
  y: 86.0
  z: -71.5
  yaw: 0.0
  pitch: 0.0
lastAccountName: cairo
timestamps:
  login: 1478922809412
  logout: 1478922894183
ipAddress: 171.250.102.100
logoutlocation:
  world: world
  x: -159.50040961973718
  y: 88.0
  z: -77.44751980651114
  yaw: 0.14998668
  pitch: -6.450014
