lastAccountName: ckienluadao
timestamps:
  login: 1477360602852
  logout: 1477360704231
ipAddress: 117.2.130.122
socialspy: false
lastlocation:
  world: world
  x: -149.5
  y: 86.0
  z: -83.5
  yaw: 0.0
  pitch: 0.0
logoutlocation:
  world: world
  x: -159.5
  y: 88.0
  z: -77.5
  yaw: -23.400013
  pitch: -32.70001
