socialspy: false
lastAccountName: LUCDAOYIENNHAN
timestamps:
  login: 1477088819967
  logout: 1477088831606
ipAddress: 113.169.197.74
lastlocation:
  world: world
  x: -166.5
  y: 86.0
  z: -74.5
  yaw: 0.0
  pitch: 0.0
logoutlocation:
  world: world
  x: -159.5
  y: 88.0
  z: -77.5
  yaw: 1.5772839
  pitch: -7.768257
