lastlocation:
  world: world
  x: -166.7267265488586
  y: 86.41999998688698
  z: -50.700023742367065
  yaw: 173.25
  pitch: 13.649998
lastAccountName: phung123
timestamps:
  login: 1476453501845
  lastteleport: 1476453535950
  kits:
    diemdanh: 1476453669121
    tanthu: 1476453611501
    food: 1476453626888
  logout: 1476453761388
ipAddress: 103.237.144.215
logoutlocation:
  world: world
  x: -105.60722903887088
  y: 68.0625
  z: -6.423332705286822
  yaw: 231.5998
  pitch: 7.0500402
