lastAccountName: sk8erace1
timestamps:
  login: 1476599299588
  logout: 1476599354259
ipAddress: 103.237.144.215
lastlocation:
  world: world
  x: -157.5
  y: 87.0
  z: -82.5
  yaw: 0.0
  pitch: 0.0
logoutlocation:
  world: world
  x: -158.00092801811812
  y: 86.0
  z: -37.19906715401584
  yaw: 136.59381
  pitch: 6.4499965
