lastAccountName: baoanuttieu
timestamps:
  login: 1476872476100
  logout: 1476872507611
socialspy: false
ipAddress: 14.168.10.112
lastlocation:
  world: world
  x: -162.5
  y: 88.0
  z: -79.5
  yaw: 0.0
  pitch: 0.0
logoutlocation:
  world: world
  x: -159.5
  y: 88.0
  z: -77.5
  yaw: 1.9499869
  pitch: 80.69999
