lastAccountName: xRevenge
timestamps:
  login: 1478322636732
  kits:
    tanthu: 1478322675025
    food: 1478322724248
  logout: 1478322931758
ipAddress: 42.115.178.21
socialspy: false
lastlocation:
  world: world
  x: -138.91330703423182
  y: 80.5
  z: -34.76982849390508
  yaw: -77.25025
  pitch: 34.049995
logoutlocation:
  world: world
  x: 3410.500738330847
  y: 83.0
  z: 1285.6214919914637
  yaw: 112.961
  pitch: -12.300002
