socialspy: false
lastAccountName: skipman
timestamps:
  login: 1479203140020
  logout: 1479203190517
ipAddress: 115.78.206.227
lastlocation:
  world: world
  x: -160.5
  y: 86.0
  z: -68.5
  yaw: 0.0
  pitch: 0.0
logoutlocation:
  world: world
  x: -160.69062070748282
  y: 86.0
  z: -27.446393377924842
  yaw: -179.40005
  pitch: 12.299987
