socialspy: false
lastAccountName: Mmai14789
timestamps:
  login: 1477185043847
  lastteleport: 1477185084412
  kits:
    diemdanh: 1477185096170
  logout: 1477185107550
ipAddress: 113.180.87.35
lastlocation:
  world: world
  x: -159.5
  y: 88.0
  z: -76.81790117652129
  yaw: 2.5499866
  pitch: -10.200014
logoutlocation:
  world: world
  x: -117.83750722786957
  y: 68.0625
  z: -10.120190971727485
  yaw: 71.400215
  pitch: 37.049973
