lastlocation:
  world: world
  x: -157.5
  y: 88.0
  z: -77.5
  yaw: 0.0
  pitch: 0.0
lastAccountName: himan2016
timestamps:
  login: 1476525650495
  logout: 1476525910017
ipAddress: 103.237.144.215
logoutlocation:
  world: world
  x: -120.37065273281164
  y: 68.0
  z: -56.41475001482753
  yaw: 160.49976
  pitch: 14.249976
