lastAccountName: skt456
timestamps:
  login: 1478571903357
  kits:
    diemdanh: 1478571965325
  logout: 1478572023177
ipAddress: 115.74.206.199
socialspy: false
lastlocation:
  world: world
  x: -159.5
  y: 86.0
  z: -87.5
  yaw: 0.0
  pitch: 0.0
logoutlocation:
  world: world
  x: -159.52048868034035
  y: 87.5
  z: -75.64796603203135
  yaw: -0.7500207
  pitch: 22.949993
