lastAccountName: luan174
timestamps:
  login: 1477801095993
  lastteleport: 1477801227254
  logout: 1477801356664
ipAddress: 115.79.54.54
socialspy: false
lastlocation:
  world: world
  x: -166.35418149471175
  y: 86.0
  z: -77.52451283951753
  yaw: 94.20015
  pitch: 73.34995
logoutlocation:
  world: world
  x: -192.96240953713738
  y: 99.0
  z: -43.94445139196065
  yaw: -45.599365
  pitch: 53.249943
