lastAccountName: Chau_Huynh
timestamps:
  login: 1477638960348
  lastteleport: 1477639367664
  logout: 1477640067563
ipAddress: 117.3.46.58
socialspy: false
lastlocation:
  world: world
  x: -162.64034374801008
  y: 86.0
  z: -15.15067840819474
  yaw: -66.90001
  pitch: 3.899983
logoutlocation:
  world: world
  x: 2237.81607830216
  y: 65.9375
  z: 1541.8579362506243
  yaw: 258.91895
  pitch: 22.499979
