socialspy: false
lastAccountName: tuan
timestamps:
  login: 1479021129996
  logout: 1479021135616
ipAddress: 117.3.46.58
lastlocation:
  world: world
  x: -162.5
  y: 88.0
  z: -81.5
  yaw: 0.0
  pitch: 0.0
logoutlocation:
  world: world
  x: -159.5
  y: 88.0
  z: -77.5
  yaw: -15.900012
  pitch: -0.1500138
