lastlocation:
  world: world
  x: -158.22334107288668
  y: 86.0625
  z: -68.52864704884003
  yaw: 1.9499867
  pitch: 19.949986
socialspy: false
lastAccountName: Ligther
timestamps:
  login: 1479190358958
  kits:
    diemdanh: 1479190387946
    food: 1479190381643
  lastteleport: 1479190396243
  logout: 1479190436442
ipAddress: 117.2.130.20
logoutlocation:
  world: world
  x: 4134.5
  y: 64.0
  z: 2423.5
  yaw: 157.16742
  pitch: 9.750025
