lastAccountName: ronoarazoro
timestamps:
  login: 1477191585405
  logout: 1477191648664
ipAddress: 113.184.106.0
socialspy: false
lastlocation:
  world: world
  x: -151.5
  y: 86.0
  z: -87.5
  yaw: 0.0
  pitch: 0.0
logoutlocation:
  world: world
  x: -153.31711536107704
  y: 86.5
  z: -75.41757803914311
  yaw: -55.50009
  pitch: 43.65002
