lastAccountName: phat_bcs123456
timestamps:
  login: 1477701597404
  logout: 1477702476450
ipAddress: 113.163.47.15
socialspy: false
lastlocation:
  world: world
  x: 151.3938309228181
  y: 84.69251995437179
  z: -31.175016171139468
  yaw: 80.39993
  pitch: 51.15007
logoutlocation:
  world: world
  x: -143.27502301590863
  y: 72.0
  z: 21.30722691112591
  yaw: 64.65102
  pitch: 2.550001
