lastAccountName: RedyGamingVN
timestamps:
  login: 1478268422434
  logout: 1478268530044
ipAddress: 14.169.224.255
socialspy: false
lastlocation:
  world: world
  x: -158.5
  y: 86.0
  z: -84.5
  yaw: 0.0
  pitch: 0.0
logoutlocation:
  world: world
  x: -54.922202143645066
  y: 61.0
  z: -48.98534408851806
  yaw: -43.800167
  pitch: 9.2999935
