socialspy: false
lastAccountName: nhigopt1230
timestamps:
  login: 1478314386117
  logout: 1478314759924
ipAddress: 171.250.102.100
lastlocation:
  world: world
  x: -154.5
  y: 87.0
  z: -77.5
  yaw: 0.0
  pitch: 0.0
logoutlocation:
  world: world
  x: -88.73111302338769
  y: 68.0
  z: -52.46202236987554
  yaw: 149.24992
  pitch: -28.349949
