lastAccountName: noonooxinthaem
timestamps:
  login: 1478081719496
  logout: 1478081726623
ipAddress: 115.78.126.139
socialspy: false
lastlocation:
  world: world
  x: -158.5
  y: 87.0
  z: -80.5
  yaw: 0.0
  pitch: 0.0
logoutlocation:
  world: world
  x: -159.5
  y: 88.0
  z: -77.5
  yaw: 2.5499866
  pitch: -10.200014
