socialspy: false
lastAccountName: Dragonkill
timestamps:
  login: 1476877721271
  logout: 1476877729143
ipAddress: 115.77.56.227
lastlocation:
  world: world
  x: -168.5
  y: 86.0
  z: -68.5
  yaw: 0.0
  pitch: 0.0
logoutlocation:
  world: world
  x: -159.5
  y: 88.0
  z: -77.5
  yaw: 2.5499866
  pitch: -10.200014
