socialspy: false
lastAccountName: jhjjhj
timestamps:
  login: 1476960826094
  kits:
    diemdanh: 1476960855633
  logout: 1476960882989
ipAddress: 113.169.197.74
lastlocation:
  world: world
  x: -152.5
  y: 86.0
  z: -70.5
  yaw: 0.0
  pitch: 0.0
logoutlocation:
  world: world
  x: -161.04163900291636
  y: 86.0625
  z: -70.19356080123622
  yaw: -151.74503
  pitch: 45.730396
