lastAccountName: wsad
timestamps:
  login: 1478669193256
  logout: 1478669242630
ipAddress: 115.74.206.199
socialspy: false
lastlocation:
  world: world
  x: -163.5
  y: 86.0
  z: -86.5
  yaw: 0.0
  pitch: 0.0
logoutlocation:
  world: world
  x: -159.5
  y: 88.0
  z: -77.5
  yaw: 106.499954
  pitch: 7.6499715
