socialspy: false
lastAccountName: aaa132
timestamps:
  login: 1477286013777
  logout: 1477286028119
ipAddress: 117.2.130.122
lastlocation:
  world: world
  x: -164.5
  y: 87.0
  z: -78.5
  yaw: 0.0
  pitch: 0.0
logoutlocation:
  world: world
  x: -159.5
  y: 88.0
  z: -77.5
  yaw: 2.5499866
  pitch: -10.200014
