lastAccountName: hieu123
timestamps:
  login: 1477449420274
  lastteleport: 1477449563397
  logout: 1477449644224
ipAddress: 115.78.238.38
socialspy: false
lastlocation:
  world: world
  x: -116.46353751131635
  y: 68.0625
  z: -29.1985282685488
  yaw: 338.39825
  pitch: 1.2000101
logoutlocation:
  world: world
  x: -118.40292693786368
  y: 47.0625
  z: -11.03369532310192
  yaw: -39.30388
  pitch: 14.249843
