lastlocation:
  world: world
  x: -137.47113505159788
  y: 79.0
  z: -64.96242167363005
  yaw: 110.849915
  pitch: 35.39997
socialspy: false
lastAccountName: Administrator
timestamps:
  login: 1477228465751
  lastteleport: 1476859249496
  logout: 1477228481277
ipAddress: 123.18.39.18
logoutlocation:
  world: world
  x: -159.5
  y: 88.0
  z: -77.5
  yaw: 2.5499866
  pitch: -10.200014
