lastAccountName: phupro444
timestamps:
  login: 1478003428427
  lastteleport: 1478004225067
  logout: 1478004353424
ipAddress: 14.167.223.247
socialspy: false
lastlocation:
  world: world
  x: -213.7125275669725
  y: 101.0625
  z: -49.904434778257496
  yaw: -1.4998842
  pitch: -80.400024
money: '0.0'
logoutlocation:
  world: world
  x: 2096.699999988079
  y: 64.0
  z: 1371.5846243201609
  yaw: 277.16064
  pitch: -90.0
