socialspy: false
lastAccountName: CuongXemJAV
timestamps:
  login: 1476967595819
  logout: 1476967665265
ipAddress: 113.179.99.0
lastlocation:
  world: world
  x: -162.5
  y: 87.0
  z: -77.5
  yaw: 0.0
  pitch: 0.0
logoutlocation:
  world: world
  x: -159.63510703843363
  y: 88.0
  z: -77.56900915429792
  yaw: 2.5499866
  pitch: -10.200014
