lastAccountName: hieupqkg158
timestamps:
  login: 1476587814087
  lastteleport: 1476535777522
  kits:
    diemdanh: 1476520302197
    tanthu: 1476520806126
    tools: 1476520815755
    food: 1476520813500
  logout: 1476587907147
ipAddress: 103.237.144.215
lastlocation:
  world: world
  x: 4104.427694569422
  y: 62.0
  z: 1955.2073220096322
  yaw: -267.43298
  pitch: 81.44991
logoutlocation:
  world: world
  x: -87.64391811807432
  y: 68.04289683901332
  z: -51.1576890340116
  yaw: 7.6502075
  pitch: 52.19997
afk: false
money: '9750.0'
homes:
  home:
    world: world
    x: 4105.837483314739
    y: 65.0
    z: 1955.5956111433181
    yaw: -88.78265
    pitch: 52.649906
