lastAccountName: CuongXemSex
timestamps:
  login: 1476967422858
  logout: 1476967450277
ipAddress: 113.179.99.0
socialspy: false
lastlocation:
  world: world
  x: -161.5
  y: 87.0
  z: -68.5
  yaw: 0.0
  pitch: 0.0
logoutlocation:
  world: world
  x: -159.5549125042744
  y: 87.0
  z: -74.28702551752232
  yaw: 2.5499866
  pitch: -10.200014
