socialspy: false
lastAccountName: D4pTrA1
timestamps:
  login: 1476799905490
  logout: 1476799968192
ipAddress: 222.254.70.184
lastlocation:
  world: world
  x: -168.5
  y: 86.0
  z: -74.5
  yaw: 0.0
  pitch: 0.0
logoutlocation:
  world: world
  x: -130.03142953238435
  y: 68.0
  z: -71.28792476587114
  yaw: -89.85004
  pitch: 30.599957
