socialspy: false
lastAccountName: ye8xmJIB9ClLiXMr
timestamps:
  login: 1477319943521
  logout: 1477319949067
ipAddress: 94.103.175.86
lastlocation:
  world: world
  x: -162.5
  y: 87.0
  z: -80.5
  yaw: 0.0
  pitch: 0.0
logoutlocation:
  world: world
  x: -159.5
  y: 88.0
  z: -77.5
  yaw: 2.5499866
  pitch: -10.200014
