lastAccountName: easWSW
timestamps:
  login: 1478415079189
  logout: 1478415137047
ipAddress: 113.170.255.178
socialspy: false
lastlocation:
  world: world
  x: -149.5
  y: 86.0
  z: -74.5
  yaw: 0.0
  pitch: 0.0
logoutlocation:
  world: world
  x: -159.79794566897132
  y: 88.0
  z: -75.74937906585741
  yaw: -11.550005
  pitch: -18.900015
