lastAccountName: rtgwgtergre
timestamps:
  login: 1477835079365
  kits:
    diemdanh: 1477835129670
  logout: 1477835137090
ipAddress: 113.180.87.173
socialspy: false
lastlocation:
  world: world
  x: -152.5
  y: 86.0
  z: -69.5
  yaw: 0.0
  pitch: 0.0
logoutlocation:
  world: world
  x: -101.16892613657522
  y: 68.0625
  z: -19.854588898688654
  yaw: 274.94995
  pitch: 13.949963
