socialspy: false
lastAccountName: Ezreal
timestamps:
  login: 1477435365146
  logout: 1477435394221
ipAddress: 123.18.39.18
lastlocation:
  world: world
  x: -157.5
  y: 87.0
  z: -82.5
  yaw: 0.0
  pitch: 0.0
logoutlocation:
  world: world
  x: -159.5
  y: 88.0
  z: -77.5
  yaw: 2.0999866
  pitch: -15.000014
