socialspy: false
lastAccountName: khoa24
timestamps:
  login: 1477145078381
  lastteleport: 1477148199144
  kits:
    diemdanh: 1477145383169
    tanthu: 1477145423244
    food: 1477145400196
  logout: 1477148214835
ipAddress: 27.74.248.254
lastlocation:
  world: world
  x: -159.5
  y: 88.0
  z: -77.5
  yaw: 2.0999866
  pitch: -10.200014
money: '0.0'
homes:
  home:
    world: world
    x: 2980.277581059286
    y: 58.0
    z: 1973.244026572181
    yaw: -9.583701
    pitch: 7.7999716
logoutlocation:
  world: world
  x: 1.000009361395462E7
  y: 177.0
  z: 9999774.59127698
  yaw: -85.19272
  pitch: 4.649998
