lastAccountName: LULI
timestamps:
  login: 1479086492480
  logout: 1479086574316
ipAddress: 115.74.206.199
socialspy: false
lastlocation:
  world: world
  x: -153.5
  y: 86.0
  z: -73.5
  yaw: 0.0
  pitch: 0.0
logoutlocation:
  world: world
  x: -159.5
  y: 88.0
  z: -77.5
  yaw: 6.449987
  pitch: 17.249985
