lastAccountName: asdsas
timestamps:
  login: 1478308742980
  logout: 1478308868272
ipAddress: 171.250.102.100
socialspy: false
lastlocation:
  world: world
  x: -154.5
  y: 86.0
  z: -83.5
  yaw: 0.0
  pitch: 0.0
logoutlocation:
  world: world
  x: 4532.491367407327
  y: 85.0
  z: -2484.57217397934
  yaw: 298.69742
  pitch: 6.150005
