socialspy: false
lastAccountName: akiraton
timestamps:
  login: 1478614856911
  logout: 1478615006415
ipAddress: 14.181.29.111
lastlocation:
  world: world
  x: -168.5
  y: 86.0
  z: -69.5
  yaw: 0.0
  pitch: 0.0
logoutlocation:
  world: world
  x: -191.85761243456773
  y: 99.0
  z: -52.70812194074333
  yaw: 254.55014
  pitch: 34.34998
