lastAccountName: amsmU7D_AvIDOzyN
timestamps:
  login: 1477319941139
  logout: 1477319944729
ipAddress: 94.138.74.70
socialspy: false
lastlocation:
  world: world
  x: -161.5
  y: 86.0
  z: -84.5
  yaw: 0.0
  pitch: 0.0
logoutlocation:
  world: world
  x: -159.5
  y: 88.0
  z: -77.5
  yaw: 2.5499866
  pitch: -10.200014
