lastAccountName: emngheo
timestamps:
  login: 1478518915462
  lastteleport: 1478519543013
  kits:
    diemdanh: 1478519241108
  logout: 1478519799489
ipAddress: 113.180.87.49
socialspy: false
lastlocation:
  world: world
  x: 3067.699999988079
  y: 33.90336627886768
  z: 514.6999999880791
  yaw: 289.9018
  pitch: 90.0
logoutlocation:
  world: world
  x: -159.5
  y: 88.0
  z: -77.5
  yaw: 29.849985
  pitch: -36.450012
