socialspy: false
lastAccountName: anhloz
timestamps:
  login: 1478231953827
  logout: 1478231986422
ipAddress: 117.2.130.122
lastlocation:
  world: world
  x: -159.5
  y: 88.0
  z: -76.5
  yaw: 0.0
  pitch: 0.0
logoutlocation:
  world: world
  x: -159.5
  y: 88.0
  z: -77.5
  yaw: -0.15001304
  pitch: 55.049973
