socialspy: false
lastAccountName: vip_147
timestamps:
  login: 1477099873703
  kits:
    diemdanh: 1477099906995
  logout: 1477099912953
ipAddress: 113.180.87.73
lastlocation:
  world: world
  x: -158.5
  y: 86.0
  z: -68.5
  yaw: 0.0
  pitch: 0.0
logoutlocation:
  world: world
  x: -164.1909595446389
  y: 86.0
  z: -59.30419007306444
  yaw: 113.4
  pitch: 24.89999
