lastAccountName: MajinBuu
timestamps:
  login: 1477435817129
  logout: 1477435839639
ipAddress: 123.18.39.18
socialspy: false
lastlocation:
  world: world
  x: -162.5
  y: 88.0
  z: -75.5
  yaw: 0.0
  pitch: 0.0
logoutlocation:
  world: world
  x: -159.5
  y: 88.0
  z: -77.5
  yaw: 2.5499866
  pitch: -10.200014
