lastAccountName: hktmg
timestamps:
  login: 1477114080849
  kits:
    diemdanh: 1477114102390
  lastteleport: 1477114115438
  logout: 1477114127370
ipAddress: 117.3.102.228
lastlocation:
  world: world
  x: -159.5
  y: 88.0
  z: -77.5
  yaw: 68.09998
  pitch: -6.0000143
socialspy: false
logoutlocation:
  world: world
  x: 3258.2290286559664
  y: 80.0
  z: 1255.5601635422495
  yaw: -96.138
  pitch: 23.250006
