lastAccountName: baoben
timestamps:
  login: 1479202564476
  logout: 1479202585273
ipAddress: 113.188.78.5
socialspy: false
lastlocation:
  world: world
  x: -152.5
  y: 86.0
  z: -72.5
  yaw: 0.0
  pitch: 0.0
logoutlocation:
  world: world
  x: -159.5
  y: 88.0
  z: -77.5
  yaw: 28.949984
  pitch: 15.14999
