socialspy: false
lastAccountName: khoi8a7
timestamps:
  login: 1478828009591
  logout: 1478828036539
ipAddress: 113.188.78.5
lastlocation:
  world: world
  x: -169.5
  y: 86.0
  z: -81.5
  yaw: 0.0
  pitch: 0.0
logoutlocation:
  world: world
  x: -159.5
  y: 88.0
  z: -77.5
  yaw: 117.45004
  pitch: 32.099983
