lastAccountName: xbaros
timestamps:
  login: 1476877583710
  logout: 1476877599603
ipAddress: 115.77.56.227
lastlocation:
  world: world
  x: -168.5
  y: 86.0
  z: -74.5
  yaw: 0.0
  pitch: 0.0
socialspy: false
logoutlocation:
  world: world
  x: -159.970754829411
  y: 87.24918707874468
  z: -61.93932777698054
  yaw: 2.5499866
  pitch: -10.0500145
