lastAccountName: elelmental123
timestamps:
  login: 1477092366621
  logout: 1477092368116
ipAddress: 1.55.42.75
lastlocation:
  world: world
  x: -161.5
  y: 88.0
  z: -78.5
  yaw: 0.0
  pitch: 0.0
socialspy: false
logoutlocation:
  world: world
  x: -159.5
  y: 88.0
  z: -77.5
  yaw: 2.5499866
  pitch: -10.200014
