lastAccountName: khoa2014
timestamps:
  login: 1479201317614
  logout: 1479201387159
ipAddress: 113.188.78.5
socialspy: false
lastlocation:
  world: world
  x: -154.5
  y: 86.0
  z: -87.5
  yaw: 0.0
  pitch: 0.0
logoutlocation:
  world: world
  x: -159.5
  y: 88.0
  z: -77.5
  yaw: -4.9500136
  pitch: -10.0500145
