lastAccountName: anh_timo
timestamps:
  login: 1477099807007
  kits:
    diemdanh: 1477099854954
  logout: 1477099861693
ipAddress: 113.180.87.73
socialspy: false
lastlocation:
  world: world
  x: -159.5
  y: 88.0
  z: -78.5
  yaw: 0.0
  pitch: 0.0
logoutlocation:
  world: world
  x: -165.2695582241561
  y: 87.0
  z: -58.35161845851019
  yaw: 205.20007
  pitch: 36.74998
