lastAccountName: OMGGAME
timestamps:
  login: 1477277215376
  logout: 1477277566153
socialspy: false
ipAddress: 14.191.40.241
lastlocation:
  world: world
  x: -159.5
  y: 86.0
  z: -67.5
  yaw: 0.0
  pitch: 0.0
logoutlocation:
  world: world
  x: -88.2072348517934
  y: 68.0
  z: -111.96825435317037
  yaw: -56.25119
  pitch: 2.2499712
