lastlocation:
  world: world
  x: -110.40360602227187
  y: 68.0
  z: -51.064633061147276
  yaw: -60.605225
  pitch: 15.900034
lastAccountName: luxubu
timestamps:
  login: 1476607940527
  lastteleport: 1476539132755
  kits:
    food: 1476539014214
  logout: 1476607958402
ipAddress: 103.237.144.215
afk: false
logoutlocation:
  world: world
  x: -160.06353352453291
  y: 88.0
  z: -76.06060616277574
  yaw: 14.850015
  pitch: 27.74996
