lastAccountName: CuernosMom
timestamps:
  login: 1476597438296
  kits:
    diemdanh: 1476592550058
    tanthu: 1476592566239
    food: 1476592600175
  lastteleport: 1476598570588
ipAddress: 103.237.144.215
lastlocation:
  world: world
  x: -115.67744702208441
  y: 68.0625
  z: -8.92898879650811
  yaw: 213.45335
  pitch: 7.1354923
