socialspy: false
lastAccountName: linhtinh
timestamps:
  login: 1476883917824
  logout: 1476883948166
ipAddress: 117.6.84.220
lastlocation:
  world: world
  x: -160.5
  y: 88.0
  z: -78.5
  yaw: 0.0
  pitch: 0.0
logoutlocation:
  world: world
  x: -159.5
  y: 88.0
  z: -77.5
  yaw: -21.150011
  pitch: 8.549984
