lastAccountName: killpatkill
timestamps:
  login: 1476588682518
  kits:
    diemdanh: 1476588727486
    tanthu: 1476588721269
    tools: 1476588709933
    food: 1476588715314
  lastteleport: 1476588787540
  logout: 1476589030521
ipAddress: 103.237.144.215
lastlocation:
  world: world
  x: -166.39021599501046
  y: 86.0
  z: -58.02071443658576
  yaw: 44.32918
  pitch: -2.2128105
logoutlocation:
  world: world
  x: -161.17204346759624
  y: 86.0625
  z: -13.279256672923553
  yaw: -17.401318
  pitch: 2.7083833
