socialspy: false
lastAccountName: tinhtinhsaohoa
timestamps:
  login: 1476944310604
  logout: 1476944350460
ipAddress: 14.170.2.174
lastlocation:
  world: world
  x: -151.5
  y: 86.0
  z: -67.5
  yaw: 0.0
  pitch: 0.0
logoutlocation:
  world: world
  x: -159.5757272723131
  y: 87.0
  z: -73.11684887485389
  yaw: 2.0999866
  pitch: -15.000014
