socialspy: false
lastlocation:
  world: world
  x: -149.5
  y: 86.0
  z: -82.5
  yaw: 0.0
  pitch: 0.0
lastAccountName: Arhi
timestamps:
  login: 1477435479091
  logout: 1477435498655
ipAddress: 123.18.39.18
logoutlocation:
  world: world
  x: -159.5
  y: 88.0
  z: -77.5
  yaw: 2.5499866
  pitch: -10.200014
