lastAccountName: da123
timestamps:
  login: 1477285555584
  kits:
    diemdanh: 1477285634847
  logout: 1477285649860
ipAddress: 117.2.130.122
lastlocation:
  world: world
  x: -155.5
  y: 86.0
  z: -85.5
  yaw: 0.0
  pitch: 0.0
socialspy: false
logoutlocation:
  world: world
  x: -205.7406117624376
  y: 101.0625
  z: -52.66469589566191
  yaw: 138.90001
  pitch: 31.499983
