lastlocation:
  world: world
  x: -159.15868687248184
  y: 87.0
  z: -74.41048452469144
  yaw: -51.750008
  pitch: 38.549984
socialspy: false
lastAccountName: eeexpah
timestamps:
  login: 1477973561782
  kits:
    diemdanh: 1477973595254
  lastteleport: 1477973607920
  logout: 1477973623745
ipAddress: 14.167.223.247
logoutlocation:
  world: world
  x: -118.17891843593583
  y: 68.0625
  z: -32.41882973981295
  yaw: 178.94847
  pitch: 8.849982
