lastAccountName: Alpha_Alex33
timestamps:
  login: 1478399139435
  logout: 1478399146123
ipAddress: 171.232.240.121
socialspy: false
lastlocation:
  world: world
  x: -160.5
  y: 88.0
  z: -79.5
  yaw: 0.0
  pitch: 0.0
logoutlocation:
  world: world
  x: -159.5
  y: 88.0
  z: -77.5
  yaw: -1.350013
  pitch: 21.149982
