socialspy: false
lastAccountName: CFCITY
timestamps:
  login: 1478934813331
  logout: 1478934929558
ipAddress: 115.78.114.146
lastlocation:
  world: world
  x: -149.5
  y: 86.0
  z: -76.5
  yaw: 0.0
  pitch: 0.0
logoutlocation:
  world: world
  x: -159.5
  y: 88.0
  z: -77.5
  yaw: -182.84998
  pitch: 17.250008
