socialspy: false
lastAccountName: killpakill
timestamps:
  login: 1478255272377
  lastteleport: 1478255292694
  kits:
    diemdanh: 1478255303249
  logout: 1478255311896
ipAddress: 113.176.152.77
lastlocation:
  world: world
  x: -159.5
  y: 88.0
  z: -77.5
  yaw: 3.3102643
  pitch: -9.439736
logoutlocation:
  world: world
  x: 741.5715199677567
  y: 71.0
  z: 1706.5324338152743
  yaw: -40.021538
  pitch: 29.95948
