lastAccountName: nanan
timestamps:
  login: 1477398046918
  kits:
    diemdanh: 1477398139472
  logout: 1477398190381
ipAddress: 115.78.125.136
socialspy: false
lastlocation:
  world: world
  x: -154.5
  y: 86.0
  z: -80.5
  yaw: 0.0
  pitch: 0.0
logoutlocation:
  world: world
  x: -170.69999998807907
  y: 86.0
  z: -58.936666694958255
  yaw: 250.50003
  pitch: 48.000015
