socialspy: false
lastAccountName: emkokok2
timestamps:
  login: 1477464443279
  logout: 1477464495867
ipAddress: 115.78.125.136
lastlocation:
  world: world
  x: -149.5
  y: 86.0
  z: -86.5
  yaw: 0.0
  pitch: 0.0
logoutlocation:
  world: world
  x: -160.59109953494925
  y: 87.0
  z: -73.7724168660254
  yaw: 63.599987
  pitch: 11.249984
