lastlocation:
  world: world
  x: -151.5
  y: 86.0
  z: -77.5
  yaw: 0.0
  pitch: 0.0
socialspy: false
lastAccountName: DarkTwister
timestamps:
  login: 1477115661475
  logout: 1477115692923
ipAddress: 14.175.129.153
logoutlocation:
  world: world
  x: -159.5
  y: 88.0
  z: -77.5
  yaw: 350.39996
  pitch: 32.099976
