socialspy: false
lastAccountName: tytryru
timestamps:
  login: 1478753095736
  logout: 1478753167075
ipAddress: 117.2.130.122
lastlocation:
  world: world
  x: -153.5
  y: 87.0
  z: -79.5
  yaw: 0.0
  pitch: 0.0
logoutlocation:
  world: world
  x: -159.5
  y: 88.0
  z: -77.5
  yaw: -42.750027
  pitch: 12.749986
