lastAccountName: CuTPhun
timestamps:
  login: 1478085853665
  logout: 1478085880032
ipAddress: 117.2.130.122
socialspy: false
lastlocation:
  world: world
  x: -168.5
  y: 86.0
  z: -76.5
  yaw: 0.0
  pitch: 0.0
logoutlocation:
  world: world
  x: -159.5
  y: 88.0
  z: -77.5
  yaw: 8.249989
  pitch: 2.5499852
