lastAccountName: viplatao123
timestamps:
  login: 1477123864030
  logout: 1477123887761
ipAddress: 117.3.102.228
socialspy: false
lastlocation:
  world: world
  x: -158.5
  y: 86.0
  z: -71.5
  yaw: 0.0
  pitch: 0.0
logoutlocation:
  world: world
  x: -159.5
  y: 88.0
  z: -77.5
  yaw: 0.4499863
  pitch: 8.849987
