lastAccountName: Mr_Tuan_Ls
timestamps:
  login: 1477705712502
  lastteleport: 1477706847718
  logout: 1477706964112
  kits:
    diemdanh: 1477706169745
    tanthu: 1477379484962
    tools: 1477464110711
    food: 1477452872688
ipAddress: 115.78.125.136
socialspy: false
lastlocation:
  world: world
  x: 3221.4459721592975
  y: 70.0
  z: 2313.5667151648763
  yaw: -238.48083
  pitch: 18.900055
logoutlocation:
  world: world
  x: -124.42286213309299
  y: 68.0625
  z: -26.363566473789618
  yaw: 179.39844
  pitch: 5.400002
money: '1479.0'
homes:
  home:
    world: world
    x: 3260.5
    y: 63.0
    z: 1579.300000011921
    yaw: 92.11627
    pitch: -5.1000133
