lastAccountName: killer69
timestamps:
  login: 1476604771178
  logout: 1476604807268
ipAddress: 103.237.144.215
lastlocation:
  world: world
  x: -169.5
  y: 86.0
  z: -67.5
  yaw: 0.0
  pitch: 0.0
logoutlocation:
  world: world
  x: -158.10146758986988
  y: 87.0
  z: -71.9249599411363
  yaw: -49.650013
  pitch: 10.499986
