socialspy: false
lastlocation:
  world: world
  x: -161.5
  y: 88.0
  z: -77.5
  yaw: 0.0
  pitch: 0.0
lastAccountName: anh_ba_thoi
timestamps:
  login: 1478868871764
  logout: 1478868892708
ipAddress: 113.170.86.99
logoutlocation:
  world: world
  x: -159.5
  y: 88.0
  z: -77.5
  yaw: 121.64999
  pitch: -9.150012
