socialspy: false
lastAccountName: SIhEaJVA0XQEHVVw
timestamps:
  login: 1477319946274
  logout: 1477319949249
ipAddress: 203.88.170.183
lastlocation:
  world: world
  x: -163.5
  y: 87.0
  z: -77.5
  yaw: 0.0
  pitch: 0.0
logoutlocation:
  world: world
  x: -159.5
  y: 88.0
  z: -77.5
  yaw: 2.5499866
  pitch: -10.200014
