socialspy: false
lastlocation:
  world: world
  x: -159.5
  y: 88.0
  z: -76.5
  yaw: 0.0
  pitch: 0.0
lastAccountName: quyen
timestamps:
  login: 1479162546094
  logout: 1479162662458
ipAddress: 113.175.45.112
logoutlocation:
  world: world
  x: -159.5
  y: 88.0
  z: -77.5
  yaw: 5.2500916
  pitch: 10.499987
