socialspy: false
lastAccountName: khoa2017
timestamps:
  login: 1479201565867
  logout: 1479201640394
ipAddress: 113.188.78.5
lastlocation:
  world: world
  x: -168.5
  y: 86.0
  z: -71.5
  yaw: 0.0
  pitch: 0.0
logoutlocation:
  world: world
  x: -159.5
  y: 88.0
  z: -77.5
  yaw: 16.799992
  pitch: -16.050018
