lastAccountName: By_timo159
timestamps:
  login: 1477184924499
  lastteleport: 1477184945270
  kits:
    diemdanh: 1477184960223
  logout: 1477184965719
ipAddress: 113.180.87.35
lastlocation:
  world: world
  x: -159.5
  y: 88.0
  z: -77.5
  yaw: -0.15001336
  pitch: -33.750015
socialspy: false
logoutlocation:
  world: world
  x: -119.52798970363366
  y: 68.0625
  z: -6.71719651964994
  yaw: 105.15011
  pitch: 40.949974
