lastAccountName: Mon07
timestamps:
  login: 1476513016226
  logout: 1476513069026
ipAddress: 103.237.144.215
lastlocation:
  world: world
  x: -167.5
  y: 86.0
  z: -73.5
  yaw: 0.0
  pitch: 0.0
logoutlocation:
  world: world
  x: -156.78782516458526
  y: 87.5
  z: -76.98820105767076
  yaw: -304.63718
  pitch: 9.917402
