lastAccountName: touya26483
timestamps:
  login: 1478132786276
  lastteleport: 1478132843252
  logout: 1478132863532
ipAddress: 117.3.69.159
socialspy: false
lastlocation:
  world: world
  x: -170.9693808669641
  y: 86.0
  z: -51.29149327301538
  yaw: 180.90004
  pitch: 5.099987
logoutlocation:
  world: world
  x: -100.09848900573246
  y: 68.0625
  z: -19.671882133158828
  yaw: 13.048339
  pitch: 0.4500042
