lastAccountName: tinhtinhdiacau
timestamps:
  login: 1476946573315
  logout: 1476946684021
ipAddress: 14.170.2.174
socialspy: false
lastlocation:
  world: world
  x: -163.5
  y: 88.0
  z: -74.5
  yaw: 0.0
  pitch: 0.0
logoutlocation:
  world: world
  x: -159.5
  y: 88.0
  z: -77.5
  yaw: 2.5499866
  pitch: -10.350014
