socialspy: false
lastAccountName: ChickKen
timestamps:
  login: 1478006011942
  logout: 1478006018443
ipAddress: 115.78.126.139
lastlocation:
  world: world
  x: -169.5
  y: 86.0
  z: -73.5
  yaw: 0.0
  pitch: 0.0
logoutlocation:
  world: world
  x: -159.5
  y: 88.0
  z: -77.5
  yaw: 2.5499866
  pitch: -10.200014
