lastAccountName: fgrwefgwf
socialspy: false
timestamps:
  login: 1477835195056
  kits:
    diemdanh: 1477835240901
  logout: 1477835247402
ipAddress: 113.180.87.173
lastlocation:
  world: world
  x: -165.5
  y: 86.0
  z: -68.5
  yaw: 0.0
  pitch: 0.0
logoutlocation:
  world: world
  x: -102.84074129501184
  y: 68.0625
  z: -22.33018856524018
  yaw: -64.95003
  pitch: 16.349985
