socialspy: false
lastlocation:
  world: world
  x: -169.5
  y: 86.0
  z: -73.5
  yaw: 0.0
  pitch: 0.0
lastAccountName: anyeuthuyen
timestamps:
  login: 1477459719576
  logout: 1477459758096
ipAddress: 117.2.130.122
logoutlocation:
  world: world
  x: -159.4979012887925
  y: 88.0
  z: -77.53722077011015
  yaw: 51.149914
  pitch: 7.1999784
