lastAccountName: khanhvip1
timestamps:
  login: 1476876057974
  lastteleport: 1476876186469
  logout: 1476876331947
ipAddress: 113.175.76.223
socialspy: false
lastlocation:
  world: world
  x: -156.66384200362435
  y: 87.0
  z: -76.49527866515149
  yaw: -60.600067
  pitch: 14.099995
logoutlocation:
  world: world
  x: 2546.5
  y: 64.0
  z: 2130.5
  yaw: -58.92444
  pitch: 19.64996
