lastAccountName: '0123'
timestamps:
  login: 1477285280100
  kits:
    diemdanh: 1477285331742
  logout: 1477285372270
ipAddress: 117.2.130.122
lastlocation:
  world: world
  x: -162.5
  y: 86.0
  z: -85.5
  yaw: 0.0
  pitch: 0.0
socialspy: false
logoutlocation:
  world: world
  x: -206.66563322723778
  y: 101.0625
  z: -53.585011423011935
  yaw: 166.9502
  pitch: -6.90001
