lastlocation:
  world: world
  x: -161.5
  y: 87.0
  z: -70.5
  yaw: 0.0
  pitch: 0.0
socialspy: false
lastAccountName: yhjhhg
timestamps:
  login: 1476961001298
  kits:
    diemdanh: 1476961032762
  logout: 1476961040818
ipAddress: 113.169.197.74
logoutlocation:
  world: world
  x: -159.4766264685281
  y: 87.0
  z: -72.99112608931445
  yaw: 35.865055
  pitch: 26.27636
