socialspy: false
lastAccountName: sdssaa
timestamps:
  login: 1477181808743
  kits:
    diemdanh: 1477181834870
  logout: 1477181862686
ipAddress: 113.169.197.74
lastlocation:
  world: world
  x: -165.5
  y: 86.0
  z: -67.5
  yaw: 0.0
  pitch: 0.0
logoutlocation:
  world: world
  x: -115.98769944427602
  y: 68.0625
  z: -13.886616421930118
  yaw: -54.83947
  pitch: 22.142357
