lastAccountName: keohu3
timestamps:
  login: 1477103086140
  lastteleport: 1477104813164
  logout: 1477104910647
ipAddress: 117.3.102.228
socialspy: false
lastlocation:
  world: world_nether
  x: 424.5976850945809
  y: 41.0
  z: 207.66953642403016
  yaw: 226.96329
  pitch: 9.899986
money: '0.0'
logoutlocation:
  world: world_nether
  x: 467.55685869838635
  y: 31.92159999847412
  z: 306.5422675053806
  yaw: 33.314026
  pitch: 52.95002
