socialspy: false
lastAccountName: zAaUMgSGvbCos1iw
timestamps:
  login: 1477319928276
  logout: 1477319939823
ipAddress: 104.199.151.222
lastlocation:
  world: world
  x: -158.5
  y: 88.0
  z: -76.5
  yaw: 0.0
  pitch: 0.0
logoutlocation:
  world: world
  x: -159.5
  y: 88.0
  z: -77.5
  yaw: 2.5499866
  pitch: -10.200014
