socialspy: false
lastAccountName: PhanBang
timestamps:
  login: 1478003405214
  logout: 1478003511798
ipAddress: 117.2.130.122
lastlocation:
  world: world
  x: -166.5
  y: 86.0
  z: -73.5
  yaw: 0.0
  pitch: 0.0
logoutlocation:
  world: world
  x: -159.5
  y: 88.0
  z: -77.5
  yaw: 37.34999
  pitch: 60.150013
