lastAccountName: qwer
timestamps:
  login: 1478313905160
  kits:
    diemdanh: 1478313936253
  lastteleport: 1478313954288
  logout: 1478313974128
ipAddress: 171.250.102.100
lastlocation:
  world: world
  x: -159.43877354977008
  y: 86.5
  z: -72.43039667447756
  yaw: 9.599985
  pitch: -5.8500137
socialspy: false
logoutlocation:
  world: world
  x: -106.62757578505244
  y: 68.0625
  z: -17.460841184399076
  yaw: 294.29825
  pitch: 16.200005
