socialspy: false
lastAccountName: Ngoc3698
timestamps:
  login: 1477307812303
  lastteleport: 1477307889844
  logout: 1477309302474
ipAddress: 116.97.107.144
lastlocation:
  world: world
  x: -123.54498856301535
  y: 68.49520087700593
  z: -50.50791887169208
  yaw: 217.80026
  pitch: 13.050011
logoutlocation:
  world: world
  x: 2499.136656383934
  y: 64.0
  z: 648.6999999880791
  yaw: 346.61987
  pitch: 19.630798
