lastAccountName: ThinhHiV
timestamps:
  login: 1476610687690
  lastteleport: 1476610703945
  logout: 1476610742391
ipAddress: 103.237.144.215
lastlocation:
  world: world
  x: -144.30171885117278
  y: 86.0
  z: -62.9993727266058
  yaw: -55.650005
  pitch: 18.599981
logoutlocation:
  world: world
  x: -216.05975988871444
  y: 86.0
  z: -45.59330899880706
  yaw: -5.7179894
  pitch: -47.1
