socialspy: false
lastlocation:
  world: world
  x: 3049.8820552201246
  y: 73.0
  z: 1644.1524812283274
  yaw: 7.8163147
  pitch: 19.50001
lastAccountName: nguyeny1
timestamps:
  login: 1478778649735
  lastteleport: 1478779087331
  logout: 1478779298548
ipAddress: 115.78.114.146
logoutlocation:
  world: world
  x: 4494.450420463399
  y: 63.0
  z: -2474.210022679661
  yaw: 343.9986
  pitch: 27.600023
