lastlocation:
  world: world
  x: -106.81500743403784
  y: 68.0625
  z: -18.658473096071717
  yaw: 170.5498
  pitch: 10.64998
lastAccountName: RoyalTime
timestamps:
  login: 1476539769797
  kits:
    diemdanh: 1476539804753
    tanthu: 1476539790597
    tools: 1476539797324
    food: 1476539793600
  lastteleport: 1476540037001
  logout: 1476540250551
ipAddress: 103.237.144.215
logoutlocation:
  world: world
  x: 3063.533238563724
  y: 75.0
  z: 1721.6641069654352
  yaw: 269.71558
  pitch: 5.6999927
