lastlocation:
  world: world
  x: -112.42419638982715
  y: 68.0625
  z: -29.22361071327878
  yaw: 34.34994
  pitch: 10.499976
lastAccountName: hacker
timestamps:
  login: 1476529167464
  lastteleport: 1476529278109
  logout: 1476529336636
ipAddress: 103.237.144.215
logoutlocation:
  world: world
  x: -162.8790976502991
  y: 86.0
  z: -55.157751965597654
  yaw: 169.64507
  pitch: 45.59996
