lastlocation:
  world: world
  x: -166.5520825205525
  y: 86.0
  z: -68.56869964450406
  yaw: -44.504505
  pitch: 8.76769
socialspy: false
lastAccountName: kithero
timestamps:
  login: 1476959546607
  lastteleport: 1476959633182
  logout: 1476959703729
ipAddress: 113.169.197.74
logoutlocation:
  world: world
  x: -161.71814079467376
  y: 86.0625
  z: -67.5750040294538
  yaw: -303.09717
  pitch: 9.345516
