lastlocation:
  world: world
  x: -154.5
  y: 86.0
  z: -72.5
  yaw: 0.0
  pitch: 0.0
socialspy: false
lastAccountName: temo
timestamps:
  login: 1478427874765
  logout: 1478428201985
ipAddress: 113.180.87.178
logoutlocation:
  world: world
  x: -158.8207743057228
  y: 86.0
  z: -69.4644883112401
  yaw: -24.750013
  pitch: 3.7499847
