lastAccountName: ben_14589
timestamps:
  login: 1477096029041
  kits:
    diemdanh: 1477096088937
    food: 1477096072551
  logout: 1477096105069
ipAddress: 113.180.87.73
socialspy: false
lastlocation:
  world: world
  x: -154.5
  y: 86.0
  z: -67.5
  yaw: 0.0
  pitch: 0.0
logoutlocation:
  world: world
  x: -155.86016519964443
  y: 86.0
  z: -67.3402271487279
  yaw: 266.69992
  pitch: 86.999985
