lastAccountName: cakhotapboi
timestamps:
  login: 1478333567492
  logout: 1478333836021
ipAddress: 117.2.130.149
socialspy: false
lastlocation:
  world: world
  x: -6.6845454023441615
  y: 59.0
  z: -103.85585865827544
  yaw: -97.350464
  pitch: 33.14997
logoutlocation:
  world: world
  x: 13.534650463366283
  y: 59.0
  z: -115.90853582091755
  yaw: 56.399902
  pitch: 17.849995
