lastAccountName: kddd
timestamps:
  login: 1478488240047
  kits:
    diemdanh: 1478488295263
  lastteleport: 1478488444668
  logout: 1478488479816
ipAddress: 113.188.78.5
socialspy: false
lastlocation:
  world: world
  x: -159.51519930705751
  y: 88.0
  z: -76.77508073759472
  yaw: -1.8000088
  pitch: 20.699987
logoutlocation:
  world: world
  x: 2778.5729115093127
  y: 53.90199999809265
  z: 1409.6549333259463
  yaw: 126.30719
  pitch: 31.650011
