socialspy: false
lastAccountName: Yp_eAVpeZrCKltQq
timestamps:
  login: 1477319945284
  logout: 1477319948965
ipAddress: 178.140.99.27
lastlocation:
  world: world
  x: -152.5
  y: 86.0
  z: -81.5
  yaw: 0.0
  pitch: 0.0
logoutlocation:
  world: world
  x: -159.5
  y: 88.0
  z: -77.5
  yaw: 2.5499866
  pitch: -10.200014
