socialspy: false
lastAccountName: TRIEUVIP
timestamps:
  login: 1478323981015
  logout: 1478323993271
ipAddress: 115.78.127.186
lastlocation:
  world: world
  x: -155.5
  y: 87.0
  z: -76.5
  yaw: 0.0
  pitch: 0.0
logoutlocation:
  world: world
  x: -159.5
  y: 88.0
  z: -77.5
  yaw: 25.799984
  pitch: -4.650015
