socialspy: false
lastAccountName: CuTiTi
timestamps:
  login: 1477526382301
  logout: 1477526422715
ipAddress: 117.2.130.122
lastlocation:
  world: world
  x: -151.5
  y: 86.0
  z: -71.5
  yaw: 0.0
  pitch: 0.0
logoutlocation:
  world: world
  x: -159.5
  y: 88.0
  z: -77.5
  yaw: -161.25002
  pitch: 25.19999
