lastlocation:
  world: world
  x: -114.32880587532206
  y: 82.0625
  z: -21.89685329586517
  yaw: 175.49957
  pitch: -1.1999956
lastAccountName: Zenus
timestamps:
  login: 1476519702108
  kits:
    diemdanh: 1476519727638
    tanthu: 1476519716687
    tools: 1476519724799
  lastteleport: 1476519884454
  logout: 1476519915981
ipAddress: 103.237.144.215
logoutlocation:
  world: world
  x: -56.31320078733419
  y: 61.0
  z: -54.109556214871084
  yaw: -160.95004
  pitch: 11.850008
