socialspy: false
lastAccountName: By_timo147
timestamps:
  login: 1477100306198
  lastteleport: 1477100362634
  kits:
    diemdanh: 1477100375656
  logout: 1477100381801
ipAddress: 113.180.87.73
lastlocation:
  world: world
  x: -159.5
  y: 88.0
  z: -77.5
  yaw: 52.649986
  pitch: 73.199974
logoutlocation:
  world: world
  x: -115.4592446020355
  y: 68.0625
  z: -23.287731859540475
  yaw: 151.2001
  pitch: 19.649967
