lastAccountName: vip_159753
timestamps:
  login: 1477100130183
  kits:
    diemdanh: 1477100161211
  lastteleport: 1477100177105
  logout: 1477100241747
ipAddress: 113.180.87.73
socialspy: false
lastlocation:
  world: world
  x: -161.00200088500034
  y: 87.5
  z: -73.32669378108491
  yaw: 44.699993
  pitch: 1.9499866
logoutlocation:
  world: world
  x: -122.07499998807907
  y: 68.0625
  z: -32.057598745978474
  yaw: 265.2002
  pitch: 23.249977
