lastAccountName: LIUA
timestamps:
  login: 1477216874880
  lastteleport: 1477216922909
  logout: 1477216957962
ipAddress: 113.169.125.190
socialspy: false
lastlocation:
  world: world
  x: 3273.5
  y: 63.0
  z: 1069.5
  yaw: 0.16009405
  pitch: 26.69991
logoutlocation:
  world: world
  x: -159.51843121019192
  y: 88.0
  z: -76.2097678953539
  yaw: 1.7999865
  pitch: -10.350014
