socialspy: false
lastAccountName: anh_532
timestamps:
  login: 1477099960072
  kits:
    diemdanh: 1477099985861
  logout: 1477099995617
ipAddress: 113.180.87.73
lastlocation:
  world: world
  x: -167.5
  y: 86.0
  z: -83.5
  yaw: 0.0
  pitch: 0.0
logoutlocation:
  world: world
  x: -162.90229193863033
  y: 86.0
  z: -60.42367952714981
  yaw: 136.20001
  pitch: 1.349987
