socialspy: false
lastAccountName: Mr_Ll_Ls
timestamps:
  login: 1477439893009
  kits:
    diemdanh: 1477439934291
  logout: 1477440078916
ipAddress: 115.78.125.136
lastlocation:
  world: world
  x: -151.5
  y: 86.0
  z: -67.5
  yaw: 0.0
  pitch: 0.0
logoutlocation:
  world: world
  x: -159.8842659680257
  y: 86.0
  z: -54.19356685166582
  yaw: -273.60007
  pitch: 33.899975
