lastAccountName: Thien
timestamps:
  login: 1476870311964
  lastteleport: 1476870348513
  logout: 1476870374771
ipAddress: 115.78.117.247
socialspy: false
lastlocation:
  world: world
  x: -155.31203930053326
  y: 86.0
  z: -56.196184325190856
  yaw: -65.849976
  pitch: 1.6499902
logoutlocation:
  world: world
  x: -118.461159739562
  y: 68.162141421027
  z: -15.816300158574816
  yaw: 70.35001
  pitch: 32.549965
