socialspy: false
lastAccountName: yasuo0113
timestamps:
  login: 1476858770506
  kits:
    food: 1476856808309
  lastteleport: 1476856945306
  logout: 1476858783913
ipAddress: 123.18.42.192
lastlocation:
  world: world
  x: -163.66707489200692
  y: 86.0
  z: -16.636396258038257
  yaw: 162.9002
  pitch: 19.200003
logoutlocation:
  world: world
  x: -159.5
  y: 88.0
  z: -77.5
  yaw: 2.5499866
  pitch: -10.200014
