lastAccountName: by_timo
timestamps:
  login: 1478350699785
  kits:
    diemdanh: 1477487787580
    tanthu: 1477487795913
    tools: 1476527444991
    food: 1478324439956
  lastteleport: 1478350355372
  logout: 1478350765690
  mute: 0
ipAddress: 117.2.17.128
lastlocation:
  world: world
  x: 100619.44889832365
  y: 78.0
  z: 1.0000096557135597E7
  yaw: 85.35718
  pitch: 11.099992
money: '38510.0'
logoutlocation:
  world: world
  x: 3453.699999988079
  y: 78.0
  z: 1304.0648541450894
  yaw: 101.71053
  pitch: 20.549938
afk: false
socialspy: false
homes:
  home:
    world: world
    x: 3396.536968143883
    y: 82.5152414346444
    z: 2135.406365305502
    yaw: 273.01093
    pitch: 6.2999973
nickname: by_timo
muted: false
