socialspy: false
lastAccountName: viplanh123
timestamps:
  login: 1477100448550
  lastteleport: 1477100472220
  kits:
    diemdanh: 1477100484025
  logout: 1477100497282
ipAddress: 113.180.87.73
lastlocation:
  world: world
  x: -159.5
  y: 88.0
  z: -77.5
  yaw: 62.549988
  pitch: 16.199987
logoutlocation:
  world: world
  x: -117.85763412464055
  y: 68.0625
  z: -23.87094546869607
  yaw: 217.50012
  pitch: 18.149973
