lastAccountName: thanhmai
timestamps:
  login: 1477149169511
  lastteleport: 1477149308897
  logout: 1477150271288
ipAddress: 123.16.58.60
socialspy: false
lastlocation:
  world: world
  x: -32.03201459837426
  y: 61.0
  z: -60.910997329845706
  yaw: -260.7
  pitch: 57.599995
logoutlocation:
  world: world
  x: -150.43566314414457
  y: 87.0
  z: -44.979298887487246
  yaw: 336.44992
  pitch: 67.799995
