lastAccountName: vip_15987
timestamps:
  login: 1477185680310
  lastteleport: 1477185715843
  kits:
    diemdanh: 1477185751108
  logout: 1477185759961
ipAddress: 113.180.87.35
socialspy: false
lastlocation:
  world: world
  x: -159.5
  y: 88.0
  z: -77.5
  yaw: 2.5499866
  pitch: -10.200014
logoutlocation:
  world: world
  x: -117.72228299162107
  y: 68.0625
  z: -18.572662477841526
  yaw: -156.14989
  pitch: 24.00001
