lastAccountName: changer_legends
socialspy: false
timestamps:
  login: 1478256620697
  kits:
    diemdanh: 1478256634379
  lastteleport: 1478256645064
  logout: 1478256667612
ipAddress: 113.176.152.77
lastlocation:
  world: world
  x: -159.5
  y: 88.0
  z: -77.5
  yaw: 2.5499866
  pitch: -10.200014
logoutlocation:
  world: world
  x: 745.0384048846615
  y: 71.0
  z: 1708.699999988079
  yaw: 151.92282
  pitch: 58.06832
