lastAccountName: nhac
timestamps:
  login: 1479017779250
  lastteleport: 1479017875634
  kits:
    diemdanh: 1479014988812
    tanthu: 1479015026889
    tools: 1479015014995
    food: 1479015007523
  logout: 1479017897336
ipAddress: 171.250.102.100
socialspy: false
lastlocation:
  world: world_the_end
  x: -24.214014854045136
  y: 60.0
  z: -11.614810302041551
  yaw: -252.901
  pitch: 32.850002
logoutlocation:
  world: world
  x: -159.5
  y: 88.0
  z: -77.5
  yaw: 23.549984
  pitch: 51.149975
