socialspy: false
lastAccountName: fdvgbnn
timestamps:
  login: 1478741708602
  logout: 1478741750183
ipAddress: 113.188.78.5
lastlocation:
  world: world
  x: -160.5
  y: 86.0
  z: -87.5
  yaw: 0.0
  pitch: 0.0
logoutlocation:
  world: world
  x: -159.5
  y: 88.0
  z: -77.5
  yaw: -7.9500127
  pitch: 47.99997
