lastAccountName: Vayne
timestamps:
  login: 1476874956869
  logout: 1476875010372
ipAddress: 123.18.42.192
socialspy: false
lastlocation:
  world: world
  x: -152.5
  y: 86.0
  z: -77.5
  yaw: 0.0
  pitch: 0.0
logoutlocation:
  world: world
  x: -159.5
  y: 88.0
  z: -77.5
  yaw: 2.5499866
  pitch: -10.200014
