lastAccountName: dothe
timestamps:
  login: 1475745191929
  logout: 1475745262931
ipAddress: 127.0.0.1
logoutlocation:
  world: world
  x: -160.00573849131698
  y: 99.36083182848068
  z: -74.25059848999373
  yaw: 0.99723005
  pitch: 21.6
