socialspy: false
lastAccountName: baocac123
timestamps:
  login: 1478743477227
  logout: 1478743736296
ipAddress: 113.188.78.5
lastlocation:
  world: world
  x: -161.5
  y: 87.0
  z: -72.5
  yaw: 0.0
  pitch: 0.0
logoutlocation:
  world: world
  x: -159.49958659984986
  y: 88.0
  z: -77.42513216053712
  yaw: 206.25009
  pitch: 13.950026
