lastAccountName: FoidzaFlow
timestamps:
  login: 1477903728162
  kits:
    diemdanh: 1477298800011
    tanthu: 1477129106244
    food: 1477147953053
  lastteleport: 1477301440544
  logout: 1477903893168
ipAddress: 14.185.132.134
socialspy: false
lastlocation:
  world: world
  x: 1.0000091101545377E7
  y: 175.32428419037765
  z: 9999777.300000012
  yaw: 217.80774
  pitch: 10.199999
homes:
  home:
    world: world
    x: 2412.4229303341663
    y: 70.0
    z: 1651.923462893162
    yaw: 147.46663
    pitch: 15.149882
money: '1840.0'
logoutlocation:
  world: world
  x: -94.76723285939049
  y: 68.0
  z: -52.73336909257492
  yaw: 71.2496
  pitch: 14.550058
