lastAccountName: trungmax2016
timestamps:
  login: 1478488669985
  lastteleport: 1478488380163
  kits:
    diemdanh: 1478488109022
  logout: 1478488696468
ipAddress: 113.188.78.5
socialspy: false
lastlocation:
  world: world
  x: 3014.864031869624
  y: 65.0
  z: 2193.9112032036555
  yaw: 110.1062
  pitch: 30.749996
logoutlocation:
  world: world
  x: -159.5
  y: 88.0
  z: -77.5
  yaw: 221.24992
  pitch: 25.500008
