lastAccountName: Youtube
timestamps:
  login: 1476527225853
  lastteleport: 1476527309233
  logout: 1476527384766
ipAddress: 103.237.144.215
lastlocation:
  world: world
  x: -120.01438104263892
  y: 82.0625
  z: -19.07499998807907
  yaw: 179.5496
  pitch: 37.80002
logoutlocation:
  world: world
  x: -91.42401433174258
  y: 68.0
  z: -47.44495815886433
  yaw: -123.14998
  pitch: 13.650025
