lastAccountName: ADluadao
timestamps:
  login: 1477360742981
  logout: 1477360797687
ipAddress: 117.2.130.122
socialspy: false
lastlocation:
  world: world
  x: -154.5
  y: 87.0
  z: -79.5
  yaw: 0.0
  pitch: 0.0
logoutlocation:
  world: world
  x: -159.5
  y: 88.0
  z: -77.5
  yaw: 2.5499866
  pitch: -10.200014
