lastAccountName: phongcepteai123
timestamps:
  login: 1477802413664
  lastteleport: 1477802789269
  logout: 1477802993010
ipAddress: 171.232.253.16
socialspy: false
lastlocation:
  world: world
  x: -50.29489167362965
  y: 61.0
  z: 4.652865552472959
  yaw: -107.679146
  pitch: 18.551123
logoutlocation:
  world: world
  x: -111.15605772501316
  y: 68.0
  z: -45.78759453926586
  yaw: -135.21298
  pitch: -2.386305
