lastAccountName: MinhBear
timestamps:
  login: 1476588705210
  kits:
    food: 1476588913910
  logout: 1476589034900
ipAddress: 103.237.144.215
lastlocation:
  world: world
  x: -166.5
  y: 86.0
  z: -79.5
  yaw: 0.0
  pitch: 0.0
logoutlocation:
  world: world
  x: -213.42832815166733
  y: 101.0625
  z: -31.28939791894629
  yaw: -17.251036
  pitch: 32.700104
