socialspy: false
lastAccountName: rFFU80wZhlJzsWhx
timestamps:
  login: 1477319931886
  logout: 1477319935072
ipAddress: 39.1.36.89
lastlocation:
  world: world
  x: -156.5
  y: 87.0
  z: -77.5
  yaw: 0.0
  pitch: 0.0
logoutlocation:
  world: world
  x: -159.5
  y: 88.0
  z: -77.5
  yaw: 2.5499866
  pitch: -10.200014
