lastAccountName: heohong
timestamps:
  login: 1476853283247
  logout: 1476853319330
  lastteleport: 1476853300725
ipAddress: 42.114.172.151
socialspy: false
lastlocation:
  world: world
  x: -159.5
  y: 88.0
  z: -77.5
  yaw: -1.0500133
  pitch: -12.450014
logoutlocation:
  world: world
  x: 1353.2592403408617
  y: 72.0
  z: 1988.8331844540246
  yaw: 79.665
  pitch: 22.349922
