lastAccountName: boulderblaster39
timestamps:
  login: 1476600270012
  logout: 1476600294524
ipAddress: 103.237.144.215
lastlocation:
  world: world
  x: -160.5
  y: 88.0
  z: -75.5
  yaw: 0.0
  pitch: 0.0
logoutlocation:
  world: world
  x: -160.00876914638746
  y: 88.0
  z: -77.64068796472162
  yaw: 87.59996
  pitch: 6.4499903
