socialspy: false
lastAccountName: hayqen12345
timestamps:
  login: 1478344702721
  logout: 1478344782810
ipAddress: 123.18.94.183
lastlocation:
  world: world
  x: -160.5
  y: 88.0
  z: -78.5
  yaw: 0.0
  pitch: 0.0
logoutlocation:
  world: world
  x: -176.29895575848946
  y: 86.0
  z: -50.52616224243456
  yaw: 91.79993
  pitch: 0.44997448
