socialspy: false
lastAccountName: DuYaNh
timestamps:
  login: 1479264689097
  kits:
    diemdanh: 1479264740460
  logout: 1479264874515
ipAddress: 116.102.224.95
lastlocation:
  world: world
  x: -149.5
  y: 86.0
  z: -82.5
  yaw: 0.0
  pitch: 0.0
logoutlocation:
  world: world
  x: -142.08690186220298
  y: 68.0
  z: -30.113916926929058
  yaw: -75.150024
  pitch: 16.199976
