lastlocation:
  world: world
  x: 1.000007747538305E7
  y: 185.20000004768372
  z: 9999778.582674718
  yaw: 159.60681
  pitch: 21.300018
lastAccountName: MinhSang
timestamps:
  login: 1476527074677
  lastteleport: 1476527617499
  kits:
    diemdanh: 1476527110569
    tanthu: 1476527099440
    food: 1476527113930
  logout: 1476528012588
ipAddress: 103.237.144.215
logoutlocation:
  world: world
  x: -170.62838435948723
  y: 99.0
  z: 9.282950998403576
  yaw: -93.29974
  pitch: 45.14996
