lastAccountName: kaaaak555
timestamps:
  login: 1478778941575
  logout: 1478779280498
  lastteleport: 1478779228452
ipAddress: 115.78.114.146
socialspy: false
lastlocation:
  world: world
  x: 4510.2306447602505
  y: 27.0
  z: -2473.699999988079
  yaw: -34.902584
  pitch: 7.7999988
logoutlocation:
  world: world
  x: 4518.699999988079
  y: 18.0
  z: -2473.699999988079
  yaw: -137.50218
  pitch: 71.54997
