socialspy: false
lastAccountName: tabg123
timestamps:
  login: 1477285961991
  logout: 1477285991864
ipAddress: 117.2.130.122
lastlocation:
  world: world
  x: -166.5
  y: 86.0
  z: -84.5
  yaw: 0.0
  pitch: 0.0
logoutlocation:
  world: world
  x: -159.5
  y: 88.0
  z: -77.5
  yaw: 2.5499866
  pitch: -10.200014
