socialspy: false
lastAccountName: asfdf
timestamps:
  login: 1479254414341
  logout: 1479254440258
ipAddress: 113.188.78.5
lastlocation:
  world: world
  x: -152.5
  y: 86.0
  z: -87.5
  yaw: 0.0
  pitch: 0.0
logoutlocation:
  world: world
  x: -159.5
  y: 88.0
  z: -77.5
  yaw: 2.5499866
  pitch: -10.200014
