lastAccountName: ntan112
timestamps:
  login: 1477399703833
  lastteleport: 1477400023306
  logout: 1477400080807
socialspy: false
ipAddress: 115.77.18.111
lastlocation:
  world: world
  x: -159.46862142626196
  y: 88.0
  z: -79.04826477592822
  yaw: 2.5499866
  pitch: -10.200014
money: '0.0'
logoutlocation:
  world: world
  x: -223.18865939393237
  y: 87.0
  z: -46.1745645988208
  yaw: 133.64479
  pitch: 11.249998
