lastAccountName: ran147
timestamps:
  login: 1476963096457
  kits:
    diemdanh: 1476963139653
  logout: 1476963147870
ipAddress: 113.180.87.87
socialspy: false
lastlocation:
  world: world
  x: -169.5
  y: 86.0
  z: -86.5
  yaw: 0.0
  pitch: 0.0
logoutlocation:
  world: world
  x: -170.3981486774915
  y: 86.0
  z: -74.97160567661084
  yaw: -199.8
  pitch: 18.749989
