lastAccountName: minato
timestamps:
  login: 1477625601001
  logout: 1477625887794
ipAddress: 117.2.130.122
socialspy: false
lastlocation:
  world: world
  x: -167.5
  y: 86.0
  z: -72.5
  yaw: 0.0
  pitch: 0.0
logoutlocation:
  world: world
  x: -159.5
  y: 88.0
  z: -77.5
  yaw: 262.05005
  pitch: 4.64998
