lastAccountName: RedHunter
timestamps:
  login: 1476544470791
  logout: 1476545096214
ipAddress: 103.237.144.215
lastlocation:
  world: world
  x: -159.5
  y: 88.0
  z: -77.5
  yaw: 2.5499866
  pitch: -10.200014
logoutlocation:
  world: world
  x: 10018.5
  y: 68.0
  z: 801.5
  yaw: 112.80007
  pitch: 3.6000214
