socialspy: false
lastAccountName: adasdaf
timestamps:
  login: 1477105604577
  logout: 1477105699577
ipAddress: 117.3.102.228
lastlocation:
  world: world
  x: -163.5
  y: 86.0
  z: -84.5
  yaw: 0.0
  pitch: 0.0
logoutlocation:
  world: world
  x: -159.5
  y: 88.0
  z: -77.51396404079574
  yaw: 2.8499866
  pitch: -9.900014
