socialspy: false
lastAccountName: jjajaa
timestamps:
  login: 1477105989003
  logout: 1477106023733
ipAddress: 117.3.102.228
lastlocation:
  world: world
  x: -164.5
  y: 86.0
  z: -73.5
  yaw: 0.0
  pitch: 0.0
logoutlocation:
  world: world
  x: -159.5
  y: 88.0
  z: -77.5
  yaw: -0.15001316
  pitch: 58.799988
