lastAccountName: ben_12589
timestamps:
  login: 1477099689417
  kits:
    diemdanh: 1477099741018
  logout: 1477099750979
ipAddress: 113.180.87.73
socialspy: false
lastlocation:
  world: world
  x: -159.5
  y: 86.0
  z: -83.5
  yaw: 0.0
  pitch: 0.0
logoutlocation:
  world: world
  x: -167.09073017621046
  y: 86.0
  z: -61.2026262683375
  yaw: 103.65
  pitch: 8.549984
