lastAccountName: GiapTeen
timestamps:
  login: 1476605644612
  logout: 1476605659091
ipAddress: 103.237.144.215
lastlocation:
  world: world
  x: -164.5
  y: 86.0
  z: -86.5
  yaw: 0.0
  pitch: 0.0
logoutlocation:
  world: world
  x: -163.29405827525713
  y: 87.5
  z: -73.05421990404176
  yaw: 83.249985
  pitch: 28.49999
