socialspy: false
lastlocation:
  world: world
  x: -160.5
  y: 86.0
  z: -67.5
  yaw: 0.0
  pitch: 0.0
lastAccountName: 8tFaTzbXKkAaquEX
timestamps:
  login: 1477319927066
  logout: 1477319931246
ipAddress: 24.198.78.237
logoutlocation:
  world: world
  x: -159.5
  y: 88.0
  z: -77.5
  yaw: 2.5499866
  pitch: -10.200014
