lastlocation:
  world: world
  x: -152.5
  y: 86.0
  z: -79.5
  yaw: 0.0
  pitch: 0.0
lastAccountName: kalasy
timestamps:
  login: 1476588311714
  logout: 1476588317010
ipAddress: 103.237.144.215
logoutlocation:
  world: world
  x: -159.5
  y: 88.0
  z: -77.5
  yaw: 2.5499866
  pitch: -10.200014
