lastlocation:
  world: world
  x: 3850.5
  y: 142.0
  z: 1697.5
  yaw: 7.212372
  pitch: 26.999987
socialspy: false
lastAccountName: AWds
timestamps:
  login: 1479131027451
  kits:
    diemdanh: 1479131074470
    food: 1479131070214
  lastteleport: 1479131100216
  logout: 1479131110717
ipAddress: 117.2.130.20
logoutlocation:
  world: world
  x: 3852.5
  y: 142.0
  z: 1698.5
  yaw: 0.912323
  pitch: 18.89998
