lastlocation:
  world: world
  x: -159.5
  y: 88.0
  z: -77.5
  yaw: -24.750011
  pitch: 17.999985
lastAccountName: huyenheo98
timestamps:
  login: 1476682921201
  lastteleport: 1476682940738
  logout: 1476683500849
ipAddress: 103.68.81.175
logoutlocation:
  world: world
  x: 2535.669437556784
  y: 64.0
  z: 2113.6930304432376
  yaw: 273.77597
  pitch: 9.449879
