lastAccountName: Mike_Leviard
timestamps:
  login: 1478254679257
  kits:
    diemdanh: 1478254709792
    tanthu: 1476588396415
    tools: 1476588383936
    food: 1476592976987
  lastteleport: 1478254722971
  logout: 1478254733833
ipAddress: 113.176.152.77
lastlocation:
  world: world
  x: -159.5
  y: 88.0
  z: -77.5
  yaw: 2.9301255
  pitch: -11.720571
afk: false
money: '0.0'
socialspy: false
logoutlocation:
  world: world
  x: 742.5122674993966
  y: 71.0
  z: 1716.391668779842
  yaw: 242.04135
  pitch: 44.784935
