socialspy: false
lastlocation:
  world: world
  x: -165.5
  y: 86.0
  z: -69.5
  yaw: 0.0
  pitch: 0.0
lastAccountName: anhemketnghia3
timestamps:
  login: 1478839804713
  logout: 1478839842318
ipAddress: 117.3.46.58
logoutlocation:
  world: world
  x: -159.2999623693194
  y: 88.0
  z: -77.0240701163779
  yaw: 5.849991
  pitch: 4.949989
