socialspy: false
lastlocation:
  world: world
  x: -149.5
  y: 86.0
  z: -69.5
  yaw: 0.0
  pitch: 0.0
lastAccountName: anhlavip
timestamps:
  login: 1477043886693
  kits:
    diemdanh: 1477043925185
  logout: 1477043934893
ipAddress: 113.180.87.248
logoutlocation:
  world: world
  x: -161.81765418725908
  y: 86.0
  z: -60.505848226465005
  yaw: 88.499985
  pitch: 36.749985
