lastAccountName: NhocAc
timestamps:
  login: 1476534561536
  lastteleport: 1476534804656
  logout: 1476534888911
ipAddress: 103.237.144.215
lastlocation:
  world: world
  x: 3022.775910179862
  y: 63.0
  z: 1748.7852755401286
  yaw: 280.06564
  pitch: -20.25
logoutlocation:
  world: world
  x: 2959.330515094641
  y: 67.0
  z: 1714.2656371174191
  yaw: 320.11652
  pitch: 12.599945
