socialspy: false
lastAccountName: skt789
timestamps:
  login: 1478572121709
  kits:
    diemdanh: 1478572183852
  logout: 1478572215876
ipAddress: 115.74.206.199
lastlocation:
  world: world
  x: -152.5
  y: 86.0
  z: -74.5
  yaw: 0.0
  pitch: 0.0
logoutlocation:
  world: world
  x: -159.7004635123098
  y: 88.0
  z: -76.73780707071221
  yaw: -0.4500134
  pitch: 29.999985
