socialspy: false
lastAccountName: luan0147
timestamps:
  login: 1477789306213
  logout: 1477789363891
ipAddress: 117.2.130.122
lastlocation:
  world: world
  x: -151.5
  y: 86.0
  z: -85.5
  yaw: 0.0
  pitch: 0.0
logoutlocation:
  world: world
  x: -159.5
  y: 88.0
  z: -77.5
  yaw: 129.44998
  pitch: 34.64999
