socialspy: false
lastAccountName: hoaprivate1a
timestamps:
  login: 1478757527097
  kits:
    diemdanh: 1476829896941
  logout: 1478757553493
ipAddress: 14.170.1.37
lastlocation:
  world: world
  x: -149.5
  y: 86.0
  z: -81.5
  yaw: 0.0
  pitch: 0.0
logoutlocation:
  world: world
  x: -159.5
  y: 88.0
  z: -77.5
  yaw: 2.5499866
  pitch: -10.200014
