lastAccountName: Ochoa
timestamps:
  login: 1476530099263
  lastteleport: 1476530323237
  kits:
    diemdanh: 1476530254673
    tanthu: 1476530251780
  logout: 1476530411621
ipAddress: 103.237.144.215
lastlocation:
  world: world
  x: 2983.5800408783116
  y: 68.0
  z: 1712.8303120438654
  yaw: -83.38342
  pitch: 12.90007
logoutlocation:
  world: world
  x: 3257.1083475839414
  y: 64.0
  z: 1630.3950231351027
  yaw: 342.61658
  pitch: 32.099934
