lastAccountName: LeThucTran
timestamps:
  login: 1478255848690
  kits:
    diemdanh: 1478255868706
  lastteleport: 1478255877196
  logout: 1478255895416
ipAddress: 113.176.152.77
socialspy: false
lastlocation:
  world: world
  x: -159.5
  y: 88.0
  z: -77.5
  yaw: 2.5499866
  pitch: -10.200014
logoutlocation:
  world: world
  x: 743.977021571103
  y: 71.0
  z: 1705.9678650515928
  yaw: 8.645369
  pitch: 64.93225
