socialspy: false
lastAccountName: anhtaidk189
timestamps:
  login: 1478823790198
  kits:
    diemdanh: 1478823809156
  logout: 1478823826030
ipAddress: 117.3.46.58
lastlocation:
  world: world
  x: -149.5
  y: 86.0
  z: -83.5
  yaw: 0.0
  pitch: 0.0
logoutlocation:
  world: world
  x: -113.79089457586147
  y: 68.0625
  z: -24.866806265830313
  yaw: -21.6
  pitch: 14.550005
