socialspy: false
lastAccountName: NgocHIHI
timestamps:
  login: 1477307712092
  logout: 1477307754417
ipAddress: 116.97.107.144
lastlocation:
  world: world
  x: -154.5
  y: 86.0
  z: -81.5
  yaw: 0.0
  pitch: 0.0
logoutlocation:
  world: world
  x: -159.5
  y: 88.0
  z: -77.5
  yaw: 89.84996
  pitch: 11.5499735
