lastAccountName: ghhgh
timestamps:
  login: 1476960747269
  kits:
    diemdanh: 1476960809286
  logout: 1476960818550
ipAddress: 113.169.197.74
socialspy: false
lastlocation:
  world: world
  x: -150.5
  y: 86.0
  z: -80.5
  yaw: 0.0
  pitch: 0.0
logoutlocation:
  world: world
  x: -161.72526543956783
  y: 86.0625
  z: -69.55215994431897
  yaw: -138.2487
  pitch: 17.035666
