socialspy: false
lastAccountName: tinhtinhtraidat
timestamps:
  login: 1476946392689
  logout: 1476946414342
ipAddress: 14.170.2.174
lastlocation:
  world: world
  x: -169.5
  y: 86.0
  z: -75.5
  yaw: 0.0
  pitch: 0.0
logoutlocation:
  world: world
  x: -159.5
  y: 88.0
  z: -77.5
  yaw: 2.5499866
  pitch: -10.350014
