socialspy: false
lastAccountName: Red_Blue
timestamps:
  login: 1477402323637
  logout: 1477402351075
ipAddress: 115.78.126.139
lastlocation:
  world: world
  x: -154.5
  y: 86.0
  z: -82.5
  yaw: 0.0
  pitch: 0.0
logoutlocation:
  world: world
  x: -159.5
  y: 88.0
  z: -77.5
  yaw: 2.5499866
  pitch: -10.200014
