lastAccountName: qweasd
timestamps:
  login: 1477661748997
  lastteleport: 1477661762992
  kits:
    diemdanh: 1477659766839
  logout: 1477662336498
ipAddress: 113.163.100.150
socialspy: false
lastlocation:
  world: world
  x: -159.5
  y: 88.0
  z: -77.5
  yaw: 2.5499866
  pitch: -10.200014
logoutlocation:
  world: world
  x: 2246.0624279286258
  y: 90.0
  z: -512.9736035750361
  yaw: -143.36105
  pitch: 28.050076
