lastlocation:
  world: world
  x: -159.1855910765786
  y: 87.0
  z: -73.88352448659704
  yaw: -1.3500134
  pitch: 18.299984
socialspy: false
lastAccountName: CuTiPhong
timestamps:
  login: 1477283213050
  lastteleport: 1477283058838
  kits:
    diemdanh: 1477283047136
  logout: 1477283284412
ipAddress: 117.2.130.122
logoutlocation:
  world: world
  x: -159.5
  y: 88.0
  z: -77.5
  yaw: 359.84998
  pitch: 34.199986
