socialspy: false
lastlocation:
  world: world
  x: -159.5
  y: 88.0
  z: -77.5
  yaw: 2.5499866
  pitch: -10.200014
lastAccountName: Lossi
timestamps:
  login: 1479190611383
  kits:
    diemdanh: 1479190643295
    food: 1479190636906
  lastteleport: 1479190657888
  logout: 1479190666310
ipAddress: 117.2.130.20
logoutlocation:
  world: world
  x: 4133.5
  y: 64.0
  z: 2423.5
  yaw: 58.01806
  pitch: 17.100021
