socialspy: false
lastAccountName: anhminhdien
timestamps:
  login: 1477626175279
  logout: 1477626200196
ipAddress: 117.2.130.122
lastlocation:
  world: world
  x: -162.5
  y: 86.0
  z: -72.5
  yaw: 0.0
  pitch: 0.0
logoutlocation:
  world: world
  x: -159.5
  y: 88.0
  z: -77.5
  yaw: 8.699987
  pitch: 12.749989
