lastAccountName: hoagamer
timestamps:
  login: 1478081749236
  kits:
    tools: 1478081768003
  logout: 1478081792610
ipAddress: 113.161.71.107
socialspy: false
lastlocation:
  world: world
  x: -164.5
  y: 86.0
  z: -80.5
  yaw: 0.0
  pitch: 0.0
logoutlocation:
  world: world
  x: -165.65029978426355
  y: 86.0
  z: -60.3717193656451
  yaw: -0.29995728
  pitch: 10.649991
