lastAccountName: Minh_me147cc
timestamps:
  login: 1477788709724
  kits:
    diemdanh: 1477283251176
  lastteleport: 1477283262687
  logout: 1477788751091
ipAddress: 117.2.130.122
socialspy: false
lastlocation:
  world: world
  x: -159.59599141375148
  y: 87.5
  z: -75.15806352247108
  yaw: 2.5499866
  pitch: -10.200014
logoutlocation:
  world: world
  x: -159.51568928686902
  y: 88.0
  z: -77.01925690698593
  yaw: -0.15001357
  pitch: 46.199974
