socialspy: false
lastAccountName: esaaaa
timestamps:
  login: 1476957263911
  kits:
    diemdanh: 1476957292742
  logout: 1476957530681
ipAddress: 113.169.197.74
lastlocation:
  world: world
  x: -152.5
  y: 86.0
  z: -76.5
  yaw: 0.0
  pitch: 0.0
logoutlocation:
  world: world
  x: -168.59664145666858
  y: 86.0
  z: -71.8613158124902
  yaw: 202.07568
  pitch: 15.211833
