lastAccountName: KNNN
timestamps:
  login: 1478661377128
  logout: 1478661391243
ipAddress: 113.165.85.114
socialspy: false
lastlocation:
  world: world
  x: -156.5
  y: 86.0
  z: -69.5
  yaw: 0.0
  pitch: 0.0
logoutlocation:
  world: world
  x: -159.5
  y: 88.0
  z: -77.5
  yaw: -12.064344
  pitch: 13.95209
