lastlocation:
  world: world
  x: -152.5
  y: 86.0
  z: -76.5
  yaw: 0.0
  pitch: 0.0
socialspy: false
lastAccountName: ixBrave
timestamps:
  login: 1477138330053
  logout: 1477138367170
ipAddress: 118.68.106.254
logoutlocation:
  world: world
  x: -149.8008854709793
  y: 86.0
  z: -64.24910472224738
  yaw: -168.60002
  pitch: 32.849987
