lastAccountName: HoqQanTam
timestamps:
  login: 1476856026068
  logout: 1476856078692
ipAddress: 123.18.42.192
lastlocation:
  world: world
  x: -163.5
  y: 86.0
  z: -69.5
  yaw: 0.0
  pitch: 0.0
socialspy: false
logoutlocation:
  world: world
  x: -155.93995808050303
  y: 86.0
  z: -90.55993004823283
  yaw: -61.349995
  pitch: 14.099986
