socialspy: false
lastlocation:
  world: world
  x: -155.5
  y: 88.0
  z: -79.5
  yaw: 0.0
  pitch: 0.0
lastAccountName: yukee
timestamps:
  login: 1477182102231
  logout: 1477182107962
ipAddress: 171.226.247.240
logoutlocation:
  world: world
  x: -159.5
  y: 88.0
  z: -77.5
  yaw: 2.5499866
  pitch: -10.200014
