socialspy: false
lastAccountName: phuvippro456789
timestamps:
  login: 1477188358344
  lastteleport: 1477188375050
  kits:
    tanthu: 1477188418883
  logout: 1477188851586
ipAddress: 115.78.115.88
lastlocation:
  world: world
  x: -159.5
  y: 88.0
  z: -77.5
  yaw: -12.600018
  pitch: -40.65001
logoutlocation:
  world: world
  x: 3243.565067307458
  y: 68.0
  z: 1629.6543833367764
  yaw: 255.62097
  pitch: 35.099945
