socialspy: false
lastAccountName: ___anh1___
timestamps:
  login: 1477805819904
  logout: 1477805839875
ipAddress: 14.184.199.105
lastlocation:
  world: world
  x: -152.5
  y: 86.0
  z: -75.5
  yaw: 0.0
  pitch: 0.0
logoutlocation:
  world: world
  x: -159.5
  y: 88.0
  z: -77.5
  yaw: 6.299985
  pitch: 16.649984
