socialspy: false
lastAccountName: GAUGAUGamer
timestamps:
  login: 1477199984400
  lastteleport: 1477199222654
  kits:
    tanthu: 1477196367147
  logout: 1477199988544
ipAddress: 116.98.70.29
lastlocation:
  world: world
  x: 2155.3975049578266
  y: 7.0
  z: 251.20609985987707
  yaw: -201.1283
  pitch: 13.5000105
logoutlocation:
  world: world
  x: -159.5
  y: 88.0
  z: -77.5
  yaw: 2.5499866
  pitch: -10.200014
