socialspy: false
lastAccountName: darknightks
timestamps:
  login: 1476834730659
  logout: 1476834807714
ipAddress: 115.72.44.228
lastlocation:
  world: world
  x: -156.5
  y: 86.0
  z: -69.5
  yaw: 0.0
  pitch: 0.0
logoutlocation:
  world: world
  x: -128.81510428881003
  y: 72.0
  z: -61.87492440060665
  yaw: -50.75239
  pitch: 27.425224
