socialspy: false
lastAccountName: duccongcu1
timestamps:
  login: 1478002773330
  logout: 1478002783694
ipAddress: 14.167.223.247
lastlocation:
  world: world
  x: -167.5
  y: 86.0
  z: -70.5
  yaw: 0.0
  pitch: 0.0
logoutlocation:
  world: world
  x: -159.508261796261
  y: 88.0
  z: -77.44880259258714
  yaw: 12.74999
  pitch: 16.949984
