socialspy: false
lastAccountName: ngugugug
timestamps:
  login: 1477465292844
  logout: 1477465346702
ipAddress: 115.78.125.136
lastlocation:
  world: world
  x: -160.5
  y: 86.0
  z: -71.5
  yaw: 0.0
  pitch: 0.0
logoutlocation:
  world: world
  x: -159.5
  y: 88.0
  z: -77.5
  yaw: 5.699987
  pitch: -9.3000145
