socialspy: false
lastAccountName: JorkerTheMiner
timestamps:
  login: 1477659808867
  logout: 1477659829776
ipAddress: 116.102.229.167
lastlocation:
  world: world
  x: -149.5
  y: 86.0
  z: -85.5
  yaw: 0.0
  pitch: 0.0
logoutlocation:
  world: world
  x: -159.5
  y: 88.0
  z: -77.5
  yaw: 2.5499866
  pitch: -10.200014
