lastAccountName: culi123
timestamps:
  login: 1476597146415
  lastteleport: 1476588143140
  kits:
    food: 1476588179318
  logout: 1476597167194
ipAddress: 103.237.144.215
lastlocation:
  world: world
  x: -158.47989273052056
  y: 86.0
  z: -67.17806948396573
  yaw: -18.24343
  pitch: 25.65
logoutlocation:
  world: world
  x: -150.78070289592983
  y: 88.0
  z: -48.79905845977161
  yaw: -4.95002
  pitch: 47.4
