lastAccountName: TrollerGamer
timestamps:
  login: 1477704298235
  logout: 1477704328353
ipAddress: 116.98.70.29
socialspy: false
lastlocation:
  world: world
  x: -156.5
  y: 86.0
  z: -67.5
  yaw: 0.0
  pitch: 0.0
logoutlocation:
  world: world
  x: -134.5045105148503
  y: 86.0
  z: -50.08299612602586
  yaw: 1.2564659E-5
  pitch: 60.14999
