lastAccountName: retben159
timestamps:
  login: 1477098210940
  kits:
    diemdanh: 1477096181703
  logout: 1477098304341
ipAddress: 113.180.87.73
lastlocation:
  world: world
  x: -168.5
  y: 86.0
  z: -85.5
  yaw: 0.0
  pitch: 0.0
socialspy: false
logoutlocation:
  world: world
  x: -165.18733809735647
  y: 86.0
  z: -72.50239244072436
  yaw: 307.49997
  pitch: 22.049986
