lastlocation:
  world: world
  x: 1979.850206429462
  y: 72.0
  z: 2174.8228390725626
  yaw: 103.71914
  pitch: 32.166
lastAccountName: CuongCoi
timestamps:
  login: 1476518223700
  kits:
    diemdanh: 1476518267442
    tanthu: 1476518258526
    tools: 1476518282545
    food: 1476518276668
  lastteleport: 1476519781728
  logout: 1476519833030
ipAddress: 103.237.144.215
money: '0.0'
homes:
  home:
    world: world
    x: 1979.850206429462
    y: 72.0
    z: 2174.8228390725626
    yaw: 103.71914
    pitch: 32.166
logoutlocation:
  world: world
  x: -161.8933894391971
  y: 86.0
  z: -25.910812010322445
  yaw: -176.35529
  pitch: 7.6090946
