lastAccountName: daichiensung
timestamps:
  login: 1477138550841
  logout: 1477138735426
ipAddress: 42.116.64.19
socialspy: false
lastlocation:
  world: world
  x: -161.5
  y: 87.0
  z: -71.5
  yaw: 0.0
  pitch: 0.0
logoutlocation:
  world: world
  x: -159.5
  y: 88.0
  z: -77.5
  yaw: 2.5499866
  pitch: -10.200014
