socialspy: false
lastAccountName: hung19
timestamps:
  login: 1477957463667
  logout: 1477957563079
ipAddress: 115.78.126.139
lastlocation:
  world: world
  x: -149.5
  y: 86.0
  z: -71.5
  yaw: 0.0
  pitch: 0.0
logoutlocation:
  world: world
  x: -159.5
  y: 88.0
  z: -77.5
  yaw: 0.74998695
  pitch: 2.5499852
