socialspy: false
lastAccountName: SmokingDragon
timestamps:
  login: 1476880854523
  lastteleport: 1476880869210
  logout: 1476881121607
ipAddress: 115.79.214.215
lastlocation:
  world: world
  x: -159.5
  y: 88.0
  z: -77.5
  yaw: 2.5499866
  pitch: -10.200014
logoutlocation:
  world: world
  x: -109.65032591322341
  y: 68.0
  z: -83.2821212691396
  yaw: 177.45009
  pitch: 25.500004
