lastAccountName: asdasdasdasd
timestamps:
  login: 1478488518288
  lastteleport: 1478488552304
  kits:
    diemdanh: 1478488560127
  logout: 1478488577180
ipAddress: 113.188.78.5
lastlocation:
  world: world
  x: -159.7360416783737
  y: 88.0
  z: -76.23181180886431
  yaw: 9.449986
  pitch: -1.3500143
socialspy: false
logoutlocation:
  world: world
  x: 2776.7070708689266
  y: 54.0
  z: 1407.3304762916564
  yaw: -2.5427814
  pitch: 41.70001
