socialspy: false
lastAccountName: Bong_Dem
timestamps:
  login: 1477209592136
  logout: 1477209636259
ipAddress: 117.3.102.228
lastlocation:
  world: world
  x: -161.5
  y: 88.0
  z: -74.5
  yaw: 0.0
  pitch: 0.0
logoutlocation:
  world: world
  x: -159.5
  y: 88.0
  z: -77.5
  yaw: 14.395874
  pitch: 47.54999
