lastAccountName: sasasas
timestamps:
  login: 1477181894521
  kits:
    diemdanh: 1477181924296
  logout: 1477181948571
ipAddress: 113.169.197.74
socialspy: false
lastlocation:
  world: world
  x: -153.5
  y: 86.0
  z: -80.5
  yaw: 0.0
  pitch: 0.0
logoutlocation:
  world: world
  x: -115.13375044685459
  y: 68.0625
  z: -11.462557997752409
  yaw: -139.22148
  pitch: 33.571594
