lastAccountName: TranMaiThuUyen
timestamps:
  login: 1478255697600
  kits:
    diemdanh: 1478255713119
  lastteleport: 1478255721179
  logout: 1478255756863
ipAddress: 113.176.152.77
lastlocation:
  world: world
  x: -159.5
  y: 88.0
  z: -77.5
  yaw: 2.5499866
  pitch: -10.200014
socialspy: false
logoutlocation:
  world: world
  x: 744.8314833302516
  y: 71.0
  z: 1706.7640389106832
  yaw: 40.196804
  pitch: 21.976557
