lastAccountName: nhatminh123123
timestamps:
  login: 1478132908177
  logout: 1478132916658
ipAddress: 117.3.69.159
socialspy: false
lastlocation:
  world: world
  x: -166.5
  y: 86.0
  z: -70.5
  yaw: 0.0
  pitch: 0.0
logoutlocation:
  world: world
  x: -159.5
  y: 88.0
  z: -77.5
  yaw: -1.6500129
  pitch: 14.999997
