socialspy: false
lastAccountName: balasa
timestamps:
  login: 1478230817321
  logout: 1478230850779
ipAddress: 113.180.87.178
lastlocation:
  world: world
  x: -162.5
  y: 86.0
  z: -67.5
  yaw: 0.0
  pitch: 0.0
logoutlocation:
  world: world
  x: -159.5
  y: 88.0
  z: -77.5
  yaw: 2.5499866
  pitch: -10.200014
