lastAccountName: vip15689
timestamps:
  login: 1476963185515
  kits:
    diemdanh: 1476963211561
  logout: 1476963231476
ipAddress: 113.180.87.87
socialspy: false
lastlocation:
  world: world
  x: -161.5
  y: 87.0
  z: -68.5
  yaw: 0.0
  pitch: 0.0
logoutlocation:
  world: world
  x: -158.33501627298904
  y: 86.0
  z: -70.35519341594298
  yaw: -292.50003
  pitch: 36.000008
