socialspy: false
lastAccountName: hoang96qt
timestamps:
  login: 1477101809833
  logout: 1477101832555
ipAddress: 115.74.119.0
lastlocation:
  world: world
  x: -161.5
  y: 86.0
  z: -85.5
  yaw: 0.0
  pitch: 0.0
logoutlocation:
  world: world
  x: -159.5
  y: 88.0
  z: -77.5
  yaw: -75.90002
  pitch: 3.4499855
