lastAccountName: anhbaodk123
timestamps:
  login: 1478823513558
  kits:
    diemdanh: 1478823537172
  logout: 1478823557895
ipAddress: 117.3.46.58
socialspy: false
lastlocation:
  world: world
  x: -169.5
  y: 86.0
  z: -86.5
  yaw: 0.0
  pitch: 0.0
logoutlocation:
  world: world
  x: -112.2966434762281
  y: 68.0625
  z: -25.670999545081614
  yaw: -22.94999
  pitch: 30.599989
