socialspy: false
lastAccountName: Rinrin0k
timestamps:
  login: 1477531890201
  lastteleport: 1477532022356
  logout: 1477532113284
ipAddress: 113.160.207.245
lastlocation:
  world: world
  x: -114.45813284646522
  y: 82.0625
  z: -12.053563741972264
  yaw: 5.699585
  pitch: -4.049997
logoutlocation:
  world: world
  x: -161.71769246800403
  y: 92.0
  z: -12.627357951492188
  yaw: 42.745132
  pitch: 4.34999
