socialspy: false
lastlocation:
  world: world
  x: -160.75082261332304
  y: 86.0
  z: -66.3270703416606
  yaw: -12.149932
  pitch: 4.7999883
lastAccountName: tin11856
timestamps:
  login: 1478421783607
  kits:
    tanthu: 1478421994914
    food: 1478422003777
  lastteleport: 1478422139783
  logout: 1478422219953
ipAddress: 115.78.127.186
logoutlocation:
  world: world
  x: 3228.9845178093665
  y: 70.0
  z: 1638.6522213657433
  yaw: 50.865936
  pitch: 45.749985
