lastAccountName: Megazero34
timestamps:
  login: 1476587905969
  logout: 1476588079629
ipAddress: 103.237.144.215
lastlocation:
  world: world
  x: -161.5
  y: 87.0
  z: -67.5
  yaw: 0.0
  pitch: 0.0
logoutlocation:
  world: world
  x: -177.42283584188434
  y: 89.0
  z: -48.65243759718221
  yaw: 263.23126
  pitch: 55.200035
