lastlocation:
  world: world
  x: -157.5
  y: 88.0
  z: -79.5
  yaw: 0.0
  pitch: 0.0
socialspy: false
lastAccountName: patHD
timestamps:
  login: 1478067578390
  kits:
    diemdanh: 1478067768554
    tanthu: 1478067759778
    tools: 1478067765044
    food: 1478067762115
  logout: 1478067798494
ipAddress: 113.180.85.254
logoutlocation:
  world: world
  x: -129.3355759297404
  y: 68.0625
  z: -11.334680787014785
  yaw: 4.3497925
  pitch: 11.549999
