socialspy: false
lastAccountName: LoanPham
timestamps:
  login: 1478404786108
  logout: 1478404789688
ipAddress: 14.191.131.167
lastlocation:
  world: world
  x: -152.5
  y: 86.0
  z: -74.5
  yaw: 0.0
  pitch: 0.0
logoutlocation:
  world: world
  x: -159.5
  y: 88.0
  z: -77.5
  yaw: 2.5499866
  pitch: -7.8000145
