lastAccountName: thanghung
timestamps:
  login: 1476528774631
  lastteleport: 1476528798325
  logout: 1476528847985
  kits:
    food: 1476528003793
ipAddress: 103.237.144.215
lastlocation:
  world: world
  x: -159.16240438864833
  y: 86.0
  z: -67.51057617212938
  yaw: -7.200013
  pitch: -9.000015
logoutlocation:
  world: world
  x: -166.09450864429184
  y: 86.0
  z: -14.760817556718731
  yaw: 78.44503
  pitch: 39.899998
