lastAccountName: anhan
timestamps:
  login: 1478253546796
  logout: 1478253581507
ipAddress: 117.2.130.122
socialspy: false
lastlocation:
  world: world
  x: -165.5
  y: 87.0
  z: -85.5
  yaw: 0.0
  pitch: 0.0
logoutlocation:
  world: world
  x: -159.5
  y: 88.0
  z: -77.5
  yaw: 4.4999857
  pitch: 10.199986
