lastAccountName: adawaaaa
timestamps:
  login: 1477103494206
  lastteleport: 1477103529073
  kits:
    diemdanh: 1477103540147
  logout: 1477103544878
ipAddress: 117.3.102.228
socialspy: false
lastlocation:
  world: world
  x: -159.25849013696225
  y: 88.0
  z: -77.62922008847731
  yaw: 2.5499866
  pitch: -10.350014
logoutlocation:
  world: world
  x: -98.39092416755692
  y: 68.0625
  z: -18.45637576309851
  yaw: 53.699875
  pitch: 24.599972
