lastAccountName: katana
timestamps:
  login: 1478060243296
  logout: 1478060277753
ipAddress: 14.167.223.247
socialspy: false
lastlocation:
  world: world
  x: -164.5
  y: 86.0
  z: -81.5
  yaw: 0.0
  pitch: 0.0
logoutlocation:
  world: world
  x: -159.5
  y: 88.0
  z: -77.5
  yaw: -32.70001
  pitch: 66.30001
