lastAccountName: xaloax
timestamps:
  login: 1476599654316
  lastteleport: 1476600299074
  logout: 1476600360522
ipAddress: 103.237.144.215
lastlocation:
  world: world
  x: -113.81158283395533
  y: 82.5
  z: -12.00377371511466
  yaw: 25.49959
  pitch: -4.0499887
logoutlocation:
  world: world
  x: -165.13555191953319
  y: 86.0625
  z: -12.990628666076919
  yaw: -76.65495
  pitch: 23.999998
