lastAccountName: anhemketnghia235
timestamps:
  login: 1479255575392
  logout: 1479255854518
ipAddress: 117.3.46.58
socialspy: false
lastlocation:
  world: world
  x: -151.5
  y: 86.0
  z: -77.5
  yaw: 0.0
  pitch: 0.0
logoutlocation:
  world: world
  x: -159.5
  y: 88.0
  z: -77.5
  yaw: 193.94997
  pitch: 38.850018
