lastAccountName: Point15
timestamps:
  login: 1476799635605
  lastteleport: 1476799673584
  logout: 1476799756114
ipAddress: 222.254.70.184
socialspy: false
lastlocation:
  world: world
  x: -159.9632602618956
  y: 86.0
  z: -66.66449235137817
  yaw: 2.5499866
  pitch: -10.200014
logoutlocation:
  world: world
  x: -161.02532736843997
  y: 87.0
  z: -19.288981701041703
  yaw: 214.6449
  pitch: 27.599987
