lastAccountName: omama446
timestamps:
  login: 1476514571549
  kits:
    diemdanh: 1476514598231
    tanthu: 1476514603924
    tools: 1476514621086
    food: 1476514613735
  lastteleport: 1476514725507
  logout: 1476514794446
ipAddress: 103.237.144.215
lastlocation:
  world: world
  x: -210.19115008450024
  y: 101.0625
  z: -40.825908779255315
  yaw: -66.30014
  pitch: 24.299994
logoutlocation:
  world: world
  x: -158.98738677940656
  y: 86.0
  z: -15.541575458514359
  yaw: 60.89505
  pitch: -4.200014
