lastAccountName: Hotppluber
timestamps:
  login: 1476596563846
  lastteleport: 1476596988623
  kits:
    food: 1476596910228
  logout: 1476597501112
ipAddress: 103.237.144.215
lastlocation:
  world: world
  x: -231.40876660018682
  y: 74.0
  z: -1201.3746033684358
  yaw: -63.449837
  pitch: 34.650238
logoutlocation:
  world: world
  x: -159.5
  y: 88.0
  z: -77.5
  yaw: 2.5499866
  pitch: -10.200014
