lastlocation:
  world: world
  x: -161.5
  y: 88.0
  z: -79.5
  yaw: 0.0
  pitch: 0.0
socialspy: false
lastAccountName: oQeEggMxRaX77eNO
timestamps:
  login: 1477319930086
  logout: 1477319933159
ipAddress: 46.166.148.177
logoutlocation:
  world: world
  x: -159.5
  y: 88.0
  z: -77.5
  yaw: 2.5499866
  pitch: -10.200014
