lastlocation:
  world: world
  x: -112.92500001192093
  y: 82.0625
  z: -16.367950923303546
  yaw: -354.3004
  pitch: 41.699997
lastAccountName: ThinhLH
timestamps:
  login: 1476610712516
  lastteleport: 1476611165489
  kits:
    diemdanh: 1476610800045
    tanthu: 1476610796538
    tools: 1476610787632
    food: 1476610791856
  logout: 1476611268277
ipAddress: 103.237.144.215
logoutlocation:
  world: world
  x: -216.84033077951557
  y: 86.0
  z: -47.63946829808568
  yaw: 215.38184
  pitch: 5.3999953
