socialspy: false
lastlocation:
  world: world
  x: -159.77847882456362
  y: 86.0
  z: -71.47275905319272
  yaw: 6.1499867
  pitch: 17.549986
lastAccountName: hrrhr
timestamps:
  login: 1478313658659
  lastteleport: 1478313696220
  kits:
    diemdanh: 1478313730076
  logout: 1478313746270
ipAddress: 171.250.102.100
logoutlocation:
  world: world
  x: -98.30000001192093
  y: 68.0625
  z: -20.502362508445188
  yaw: 21.148254
  pitch: 38.69996
