lastAccountName: '0155'
timestamps:
  login: 1476516553659
  kits:
    diemdanh: 1476516629097
    tanthu: 1476516633894
  lastteleport: 1476516691338
  logout: 1476516706604
ipAddress: 103.237.144.215
lastlocation:
  world: world
  x: -161.96222810856736
  y: 87.0
  z: -19.839980526433912
  yaw: -165.30496
  pitch: 4.94999
logoutlocation:
  world: world
  x: 1832.2719090569115
  y: 107.0
  z: 1789.1957942859615
  yaw: -166.28275
  pitch: -15.6886635
