lastAccountName: trieuvip
timestamps:
  login: 1478421723727
  logout: 1478421764072
ipAddress: 115.78.127.186
socialspy: false
logoutlocation:
  world: world
  x: -159.5
  y: 88.0
  z: -77.5
  yaw: 4.5000124
  pitch: 0.74997693
