lastAccountName: loks
timestamps:
  login: 1476796373576
  logout: 1476796414107
socialspy: false
ipAddress: 42.114.134.110
lastlocation:
  world: world
  x: -158.5
  y: 87.0
  z: -82.5
  yaw: 0.0
  pitch: 0.0
logoutlocation:
  world: world
  x: -159.5
  y: 88.0
  z: -77.5
  yaw: 9.149986
  pitch: 24.599987
