lastAccountName: YAG9Mte4HKGVnN1u
timestamps:
  login: 1477319952596
  logout: 1477319959481
ipAddress: 178.32.51.225
socialspy: false
lastlocation:
  world: world
  x: -151.5
  y: 86.0
  z: -69.5
  yaw: 0.0
  pitch: 0.0
logoutlocation:
  world: world
  x: -159.5
  y: 88.0
  z: -77.5
  yaw: 2.5499866
  pitch: -10.200014
