socialspy: false
lastAccountName: skt147
timestamps:
  login: 1478572365716
  kits:
    diemdanh: 1478572467270
  logout: 1478572491203
ipAddress: 115.74.206.199
lastlocation:
  world: world
  x: -149.5
  y: 86.0
  z: -81.5
  yaw: 0.0
  pitch: 0.0
logoutlocation:
  world: world
  x: -160.67299625820328
  y: 88.0
  z: -76.9263735436311
  yaw: -13.500092
  pitch: 41.69999
