socialspy: false
lastAccountName: Dragonkillrt
timestamps:
  login: 1477472139119
  logout: 1477472173089
ipAddress: 115.78.126.139
lastlocation:
  world: world
  x: -165.5
  y: 87.0
  z: -85.5
  yaw: 0.0
  pitch: 0.0
logoutlocation:
  world: world
  x: -159.5
  y: 88.0
  z: -77.5
  yaw: 3.8999867
  pitch: 14.549984
