socialspy: false
lastAccountName: duvip158963
timestamps:
  login: 1476929045957
  kits:
    tanthu: 1476929165754
    food: 1476929156654
  lastteleport: 1476931690222
  logout: 1476931700631
ipAddress: 115.78.127.186
lastlocation:
  world: world
  x: -93.54312939271034
  y: 68.0
  z: -45.11944670195897
  yaw: 289.19998
  pitch: 21.900005
logoutlocation:
  world: world
  x: 3239.3968008677434
  y: 65.0
  z: 1661.5
  yaw: 278.86578
  pitch: -9.299995
