socialspy: false
lastAccountName: TiPhuong
timestamps:
  login: 1478826260578
  kits:
    diemdanh: 1478090326069
    tanthu: 1477360662008
    tools: 1477365699538
    food: 1477360925227
  logout: 1478826648617
  lastteleport: 1478826539473
ipAddress: 113.188.78.5
lastlocation:
  world: world
  x: 2363.5856061215777
  y: 63.0
  z: 616.6752441022913
  yaw: -171.61273
  pitch: -20.24999
logoutlocation:
  world: world
  x: 2045.1824739648368
  y: 63.0
  z: 1411.300000011921
  yaw: 62.546192
  pitch: 7.650031
afk: false
money: '1407.0'
