socialspy: false
lastAccountName: '01246'
timestamps:
  login: 1477285410110
  kits:
    diemdanh: 1477285448874
  logout: 1477285464983
ipAddress: 117.2.130.122
lastlocation:
  world: world
  x: -158.5
  y: 86.0
  z: -87.5
  yaw: 0.0
  pitch: 0.0
logoutlocation:
  world: world
  x: -205.56795301431566
  y: 101.0
  z: -51.756088272717285
  yaw: 146.69992
  pitch: 30.749987
