lastAccountName: noobgaming951
timestamps:
  login: 1477062822745
  logout: 1477063113117
ipAddress: 27.3.192.92
socialspy: false
lastlocation:
  world: world
  x: -167.5
  y: 86.0
  z: -84.5
  yaw: 0.0
  pitch: 0.0
logoutlocation:
  world: world
  x: -105.08727337653366
  y: 67.0
  z: -84.8814076694271
  yaw: -202.6499
  pitch: 41.850025
