lastlocation:
  world: world
  x: 60.56360841266058
  y: 62.0
  z: -108.0298801494658
  yaw: 179.24911
  pitch: 26.099916
lastAccountName: md_5
timestamps:
  login: 1476607078210
  logout: 1476608056823
ipAddress: 103.237.144.215
afk: false
logoutlocation:
  world: world
  x: -129.82728314120212
  y: 84.0
  z: -51.56253608351712
  yaw: -3.3000667
  pitch: 52.04994
