lastAccountName: hhsh
timestamps:
  login: 1477398258933
  lastteleport: 1477398294060
  kits:
    diemdanh: 1477398302019
  logout: 1477398311910
ipAddress: 115.78.125.136
socialspy: false
lastlocation:
  world: world
  x: -159.74894632377067
  y: 86.5
  z: -71.8027971915427
  yaw: 2.5499866
  pitch: -10.200014
logoutlocation:
  world: world
  x: -125.97323207724442
  y: 68.0625
  z: -27.897937247395227
  yaw: -49.6519
  pitch: 34.199978
