lastAccountName: nhatsky
timestamps:
  login: 1476535174295
  kits:
    food: 1476535209506
  lastteleport: 1476535360325
  logout: 1476535884106
ipAddress: 103.237.144.215
lastlocation:
  world: world
  x: -147.45995806735428
  y: 90.5
  z: -47.33863504168859
  yaw: 136.94852
  pitch: 47.849964
logoutlocation:
  world: world
  x: 2922.894352999334
  y: 70.0625
  z: 1699.0471053205817
  yaw: 133.52054
  pitch: -7.649921
