socialspy: false
lastAccountName: ddfghh
timestamps:
  login: 1477181961038
  kits:
    diemdanh: 1477181982319
  logout: 1477182009304
ipAddress: 113.169.197.74
lastlocation:
  world: world
  x: -158.5
  y: 88.0
  z: -79.5
  yaw: 0.0
  pitch: 0.0
logoutlocation:
  world: world
  x: -111.79263114751814
  y: 68.0625
  z: -12.22097804393588
  yaw: 133.25691
  pitch: 40.137337
