socialspy: false
lastAccountName: mylover61
timestamps:
  login: 1478158199526
  logout: 1478158276059
ipAddress: 1.55.109.18
lastlocation:
  world: world
  x: -161.5
  y: 88.0
  z: -77.5
  yaw: 0.0
  pitch: 0.0
logoutlocation:
  world: world
  x: -99.91222349359573
  y: 68.0625
  z: -21.90295448320926
  yaw: 56.10002
  pitch: 4.4999814
