lastAccountName: ks22021991
timestamps:
  login: 1477716661074
  lastteleport: 1477716924039
  kits:
    food: 1477717003487
  logout: 1477717012736
ipAddress: 183.91.26.138
socialspy: false
lastlocation:
  world: world
  x: 3183.316994526044
  y: 65.9375
  z: 3094.9281314449076
  yaw: -187.33287
  pitch: 34.650005
logoutlocation:
  world: world
  x: 3192.81700243906
  y: 67.0
  z: 3081.6983629223464
  yaw: -236.98114
  pitch: 12.749941
