lastAccountName: taola_hieu
timestamps:
  login: 1478230825693
  logout: 1478230894321
  kits:
    diemdanh: 1477795710563
    tanthu: 1477795703767
    tools: 1477795692995
    food: 1477795698845
  lastteleport: 1478230886398
ipAddress: 171.226.241.113
socialspy: false
lastlocation:
  world: world
  x: -67.26145026374718
  y: 65.0
  z: -49.83476747742439
  yaw: -105.59997
  pitch: -5.700031
logoutlocation:
  world: world
  x: 1.0000077514602788E7
  y: 173.0
  z: 9999786.904300487
  yaw: 70.80729
  pitch: 7.200002
