socialspy: false
lastAccountName: CuTiKin
timestamps:
  login: 1477285199017
  logout: 1477285232208
ipAddress: 117.2.130.122
lastlocation:
  world: world
  x: -151.5
  y: 86.0
  z: -73.5
  yaw: 0.0
  pitch: 0.0
logoutlocation:
  world: world
  x: -159.5
  y: 88.0
  z: -77.5
  yaw: 27.14999
  pitch: -10.950014
