socialspy: false
lastAccountName: house_tipro0100
timestamps:
  login: 1477455582902
  logout: 1477455779788
ipAddress: 115.78.126.139
lastlocation:
  world: world
  x: -164.5
  y: 86.0
  z: -85.5
  yaw: 0.0
  pitch: 0.0
logoutlocation:
  world: world
  x: -133.15501976950918
  y: 86.0
  z: -51.4426400499885
  yaw: 274.49988
  pitch: 20.699999
