lastAccountName: yytwa
timestamps:
  login: 1479031255202
  logout: 1479031327141
ipAddress: 113.182.122.214
socialspy: false
lastlocation:
  world: world
  x: -163.5
  y: 86.0
  z: -70.5
  yaw: 0.0
  pitch: 0.0
logoutlocation:
  world: world
  x: -113.14210714262293
  y: 68.0
  z: -55.39149587375455
  yaw: -93.90192
  pitch: 30.60006
