socialspy: false
lastlocation:
  world: world
  x: -160.5
  y: 86.0
  z: -70.5
  yaw: 0.0
  pitch: 0.0
lastAccountName: khanhzorz0roo
timestamps:
  login: 1477132081864
  logout: 1477132164715
ipAddress: 113.175.76.223
logoutlocation:
  world: world
  x: -164.86100065972974
  y: 86.5
  z: -77.4502328525968
  yaw: 98.25012
  pitch: 14.099963
