lastAccountName: khanhvy1
timestamps:
  login: 1477571486196
  lastteleport: 1477571534294
  logout: 1477571842650
ipAddress: 113.175.76.223
socialspy: false
lastlocation:
  world: world
  x: 3898.546078212214
  y: 63.0
  z: 1122.6232407720515
  yaw: -127.1897
  pitch: 67.49991
money: '0.0'
afk: false
logoutlocation:
  world: world
  x: -159.5
  y: 88.0
  z: -77.5
  yaw: 1.0499866
  pitch: -10.0500145
