socialspy: false
lastlocation:
  world: world
  x: -162.51586744676865
  y: 87.0
  z: -19.967360573303488
  yaw: -11.700348
  pitch: -10.650016
lastAccountName: Tin777
timestamps:
  login: 1478589493851
  lastteleport: 1478589538184
  logout: 1478589560038
ipAddress: 115.79.49.243
logoutlocation:
  world: world
  x: -156.8344994374041
  y: 86.0625
  z: -13.236123320091906
  yaw: -3.7549841
  pitch: 5.849996
