socialspy: false
lastAccountName: datk163
timestamps:
  login: 1477285562546
  kits:
    diemdanh: 1477285593510
  logout: 1477285609787
ipAddress: 117.2.130.122
lastlocation:
  world: world
  x: -155.5
  y: 86.0
  z: -71.5
  yaw: 0.0
  pitch: 0.0
logoutlocation:
  world: world
  x: -205.47384044588017
  y: 101.0
  z: -52.41970768299001
  yaw: 138.75
  pitch: 20.999987
