socialspy: false
lastAccountName: Asuna_Chan
timestamps:
  login: 1477394517489
  lastteleport: 1477395308698
  logout: 1477395353960
ipAddress: 115.78.118.48
lastlocation:
  world: world
  x: 3465.2297845791886
  y: 54.0
  z: 1578.3756556907672
  yaw: 98.41091
  pitch: 14.40015
logoutlocation:
  world: world
  x: -39.957412889396515
  y: 61.0
  z: -46.60620375072327
  yaw: 212.25017
  pitch: 7.199993
