socialspy: false
lastAccountName: nhattancuanat
timestamps:
  login: 1478487617870
  logout: 1478487653539
ipAddress: 113.188.78.5
lastlocation:
  world: world
  x: -161.5
  y: 87.0
  z: -72.5
  yaw: 0.0
  pitch: 0.0
logoutlocation:
  world: world
  x: -159.5
  y: 88.0
  z: -77.5
  yaw: 88.94999
  pitch: 23.549986
