lastAccountName: totun
timestamps:
  login: 1476876398483
  lastteleport: 1476876456342
  logout: 1476876590961
ipAddress: 113.175.76.223
lastlocation:
  world: world
  x: -159.5
  y: 88.0
  z: -77.5
  yaw: -4.200018
  pitch: 16.949987
socialspy: false
logoutlocation:
  world: world
  x: 2541.6497937157815
  y: 64.0
  z: 2136.4917076854745
  yaw: 38.426056
  pitch: 19.049887
