socialspy: false
lastAccountName: NhocAc123
timestamps:
  login: 1478002723779
  logout: 1478002889528
ipAddress: 14.167.18.12
lastlocation:
  world: world
  x: -151.5
  y: 86.0
  z: -76.5
  yaw: 0.0
  pitch: 0.0
logoutlocation:
  world: world
  x: -165.05224578222823
  y: 87.0
  z: -58.347861601969086
  yaw: 73.05017
  pitch: -61.94998
