lastAccountName: Zivol
timestamps:
  login: 1476861431682
  logout: 1476861446561
ipAddress: 14.169.183.233
lastlocation:
  world: world
  x: -163.5
  y: 87.0
  z: -77.5
  yaw: 0.0
  pitch: 0.0
socialspy: false
logoutlocation:
  world: world
  x: -160.34154886446234
  y: 86.0
  z: -64.04883636957902
  yaw: 4.0499864
  pitch: 10.499986
