socialspy: false
lastAccountName: anh_chap
timestamps:
  login: 1478422372212
  logout: 1478422455646
ipAddress: 117.2.130.122
lastlocation:
  world: world
  x: -160.5
  y: 88.0
  z: -75.5
  yaw: 0.0
  pitch: 0.0
logoutlocation:
  world: world
  x: -159.5
  y: 88.0
  z: -77.5
  yaw: 9.450012
  pitch: -65.40001
