lastAccountName: LiLy006
timestamps:
  login: 1476607129577
  kits:
    diemdanh: 1476587190866
    tanthu: 1476587184889
    tools: 1476587182797
    food: 1476587188246
  lastteleport: 1476609708517
  logout: 1476610121349
ipAddress: 103.237.144.215
lastlocation:
  world: world
  x: -159.02319317034915
  y: 88.0
  z: -76.44175282305861
  yaw: 3.4499865
  pitch: -7.500014
homes:
  home:
    world: world
    x: -237.0845070906758
    y: 69.0
    z: -1199.608583615839
    yaw: -203.85019
    pitch: 31.350105
money: '138649.0'
logoutlocation:
  world: world
  x: -226.4201768394155
  y: 90.64008751007933
  z: -1194.0236033974247
  yaw: 322.94943
  pitch: 24.299965
