lastAccountName: KIdi
timestamps:
  login: 1477215100017
  logout: 1477215103597
ipAddress: 113.170.45.149
socialspy: false
lastlocation:
  world: world
  x: -158.5
  y: 86.0
  z: -67.5
  yaw: 0.0
  pitch: 0.0
logoutlocation:
  world: world
  x: -159.5
  y: 88.0
  z: -77.5
  yaw: 2.5499866
  pitch: -10.200014
