lastlocation:
  world: world
  x: -165.74598484685427
  y: 86.0
  z: -47.66066860471897
  yaw: 322.64508
  pitch: 7.9499593
lastAccountName: GodLive
timestamps:
  login: 1476514052501
  lastteleport: 1476514363548
  logout: 1476514478165
ipAddress: 103.237.144.215
logoutlocation:
  world: world
  x: -190.45268097066503
  y: 86.0
  z: -51.35307741716849
  yaw: 352.79498
  pitch: 32.699986
