lastAccountName: cudo
timestamps:
  login: 1478741794854
  logout: 1478741894481
ipAddress: 113.188.78.5
socialspy: false
lastlocation:
  world: world
  x: -153.5
  y: 86.0
  z: -74.5
  yaw: 0.0
  pitch: 0.0
logoutlocation:
  world: world
  x: -159.4713288927397
  y: 88.0
  z: -77.50577292405069
  yaw: -29.400011
  pitch: 21.89994
