lastAccountName: skt258
timestamps:
  login: 1478572523751
  kits:
    diemdanh: 1478572570293
  logout: 1478572581635
ipAddress: 115.74.206.199
socialspy: false
lastlocation:
  world: world
  x: -154.5
  y: 86.0
  z: -74.5
  yaw: 0.0
  pitch: 0.0
logoutlocation:
  world: world
  x: -159.47889304258396
  y: 87.5
  z: -75.31657585691951
  yaw: -4.350013
  pitch: 23.849985
