socialspy: false
lastAccountName: Bisstass
timestamps:
  login: 1479192639941
  logout: 1479192696298
ipAddress: 117.2.130.20
lastlocation:
  world: world
  x: -153.5
  y: 86.0
  z: -73.5
  yaw: 0.0
  pitch: 0.0
logoutlocation:
  world: world
  x: -159.5
  y: 88.0
  z: -77.5
  yaw: 2.5499866
  pitch: -10.200014
