lastAccountName: TheKing
timestamps:
  login: 1477435914773
  logout: 1477435941257
ipAddress: 123.18.39.18
socialspy: false
lastlocation:
  world: world
  x: -154.5
  y: 87.0
  z: -78.5
  yaw: 0.0
  pitch: 0.0
logoutlocation:
  world: world
  x: -159.5
  y: 88.0
  z: -77.5
  yaw: 2.0999866
  pitch: -15.000014
