lastAccountName: Nhok_Lun
timestamps:
  login: 1476534483852
  lastteleport: 1476533663796
  logout: 1476535512262
ipAddress: 103.237.144.215
lastlocation:
  world: world
  x: -217.9754752220551
  y: 86.0
  z: -41.39394221323648
  yaw: 8.081978
  pitch: -81.30003
logoutlocation:
  world: world
  x: -85.19499373878986
  y: 70.5
  z: -48.42357085350553
  yaw: -97.65015
  pitch: 53.100002
