lastlocation:
  world: world
  x: -121.76645653336232
  y: 68.0
  z: -46.2222097308507
  yaw: -100.500046
  pitch: 28.949991
lastAccountName: thanhtoan1210
timestamps:
  login: 1479035959986
  kits:
    diemdanh: 1479035971871
    tanthu: 1478326009503
    tools: 1478053738637
    food: 1478342082032
  lastteleport: 1479036012933
  logout: 1479036154697
ipAddress: 42.118.234.202
socialspy: false
logoutlocation:
  world: world
  x: 3393.510280979537
  y: 80.0
  z: 1284.300000011921
  yaw: 178.69456
  pitch: 25.649977
homes:
  home:
    world: world
    x: 3462.5
    y: 80.0
    z: 1279.5
    yaw: 144.94427
    pitch: 90.0
money: '12051.0'
afk: false
