socialspy: false
lastAccountName: vip_14789
timestamps:
  login: 1477183774522
  lastteleport: 1477183801777
  kits:
    diemdanh: 1477183828657
  logout: 1477183840228
ipAddress: 113.180.87.35
lastlocation:
  world: world
  x: -159.57824805274825
  y: 88.0
  z: -77.41999101238873
  yaw: 1.9499866
  pitch: -9.900015
logoutlocation:
  world: world
  x: -113.0838362024029
  y: 68.0625
  z: -37.65073766921996
  yaw: 153.75008
  pitch: 25.199963
