socialspy: false
lastAccountName: 1lPknnc6dbj9a57b
timestamps:
  login: 1477319963991
  logout: 1477319967300
ipAddress: 104.232.3.33
lastlocation:
  world: world
  x: -156.5
  y: 87.0
  z: -80.5
  yaw: 0.0
  pitch: 0.0
logoutlocation:
  world: world
  x: -159.5
  y: 88.0
  z: -77.5
  yaw: 2.5499866
  pitch: -10.200014
