lastAccountName: CuShin
timestamps:
  login: 1479035994721
  logout: 1479036020514
ipAddress: 117.2.130.122
socialspy: false
lastlocation:
  world: world
  x: -157.5
  y: 87.0
  z: -71.5
  yaw: 0.0
  pitch: 0.0
logoutlocation:
  world: world
  x: -159.5
  y: 88.0
  z: -77.5
  yaw: 7.649987
  pitch: -11.100014
