socialspy: false
lastlocation:
  world: world
  x: -124.50497553928469
  y: 68.0625
  z: -23.541414254282184
  yaw: 288.59778
  pitch: 87.299995
lastAccountName: kaylakutie
timestamps:
  login: 1477462009285
  kits:
    diemdanh: 1477462058538
    tanthu: 1477462044987
    food: 1477462055115
  lastteleport: 1477462172563
  logout: 1477462211361
ipAddress: 113.162.220.62
logoutlocation:
  world: world
  x: -184.45936676431603
  y: 109.0
  z: 30.001357943013062
  yaw: 0.4501178
  pitch: 30.449862
