socialspy: false
lastAccountName: anhbaodk147
timestamps:
  login: 1479200482497
  logout: 1479200708737
ipAddress: 113.188.78.5
lastlocation:
  world: world
  x: -158.5
  y: 88.0
  z: -77.5
  yaw: 0.0
  pitch: 0.0
logoutlocation:
  world: world
  x: -159.51691169680967
  y: 88.0
  z: -77.57293598446559
  yaw: 166.50014
  pitch: 90.0
