lastAccountName: o7BKTbz3r00yVW2q
timestamps:
  login: 1477319938350
  logout: 1477319941883
socialspy: false
ipAddress: 24.198.78.237
lastlocation:
  world: world
  x: -169.5
  y: 86.0
  z: -68.5
  yaw: 0.0
  pitch: 0.0
logoutlocation:
  world: world
  x: -159.5
  y: 88.0
  z: -77.5
  yaw: 2.5499866
  pitch: -10.200014
