lastAccountName: gggggggggggg
timestamps:
  login: 1478996127699
  logout: 1478996142347
ipAddress: 117.2.130.122
socialspy: false
lastlocation:
  world: world
  x: -163.5
  y: 88.0
  z: -73.5
  yaw: 0.0
  pitch: 0.0
logoutlocation:
  world: world
  x: -159.5
  y: 88.0
  z: -77.5
  yaw: 34.349983
  pitch: -23.850014
