lastAccountName: nnnnnggggg
timestamps:
  login: 1479000636580
  logout: 1479000715808
ipAddress: 117.2.130.122
socialspy: false
lastlocation:
  world: world
  x: -168.5
  y: 86.0
  z: -68.5
  yaw: 0.0
  pitch: 0.0
logoutlocation:
  world: world
  x: -159.53303926215239
  y: 88.0
  z: -77.5176028792742
  yaw: 166.64941
  pitch: 90.0
