lastAccountName: A_Hai_Kiet
timestamps:
  login: 1477127896011
  logout: 1477128002897
  lastteleport: 1477127928724
ipAddress: 14.164.82.216
socialspy: false
lastlocation:
  world: world
  x: -147.17679205209166
  y: 86.0
  z: -33.93643400982569
  yaw: -81.15002
  pitch: 47.249985
logoutlocation:
  world: world
  x: -57.49826477504938
  y: 61.0
  z: -54.23632896841472
  yaw: -281.24982
  pitch: 0.44995967
