socialspy: false
lastlocation:
  world: world
  x: -159.5
  y: 88.0
  z: -77.5
  yaw: 1.4999865
  pitch: -14.400014
lastAccountName: Quyendanh
timestamps:
  login: 1479190503146
  kits:
    diemdanh: 1479190525849
    food: 1479190523363
  lastteleport: 1479190534805
  logout: 1479190545008
ipAddress: 117.2.130.20
logoutlocation:
  world: world
  x: 4127.5
  y: 64.0
  z: 2426.5
  yaw: 172.3177
  pitch: -1.4999754
