lastAccountName: Death_Artist
timestamps:
  login: 1477670516199
  kits:
    diemdanh: 1477025193575
    tanthu: 1476704787177
    tools: 1476704795526
    food: 1477025196075
  lastteleport: 1477670549532
  logout: 1477670588894
ipAddress: 116.98.231.195
lastlocation:
  world: world
  x: -167.62116805718347
  y: 86.0
  z: -48.477847157996365
  yaw: -96.75002
  pitch: 10.4999895
money: '2935.0'
logoutlocation:
  world: world
  x: -107.41963156773087
  y: 68.0625
  z: -32.07816554396413
  yaw: 99.2982
  pitch: 22.350008
homes:
  home:
    world: world
    x: 4721.271932191341
    y: 80.0
    z: 133.47121694661206
    yaw: 190.6665
    pitch: 35.099995
socialspy: false
afk: false
