lastAccountName: kit156
timestamps:
  login: 1476963018686
  kits:
    diemdanh: 1476963043665
  logout: 1476963051232
ipAddress: 113.180.87.87
socialspy: false
lastlocation:
  world: world
  x: -153.5
  y: 86.0
  z: -80.5
  yaw: 0.0
  pitch: 0.0
logoutlocation:
  world: world
  x: -159.17831555452355
  y: 88.0
  z: -78.04305769365455
  yaw: 59.249992
  pitch: 43.949978
