socialspy: false
lastAccountName: TrollFace_Roser
timestamps:
  login: 1477232904673
  logout: 1477232930931
ipAddress: 117.3.100.222
lastlocation:
  world: world
  x: -151.5
  y: 86.0
  z: -79.5
  yaw: 0.0
  pitch: 0.0
logoutlocation:
  world: world
  x: -159.5
  y: 88.0
  z: -77.5
  yaw: -20.850012
  pitch: 28.949984
