lastAccountName: hahsdj
timestamps:
  login: 1478313143415
  kits:
    diemdanh: 1478313199871
  lastteleport: 1478313218502
  logout: 1478313225819
ipAddress: 171.250.102.100
socialspy: false
lastlocation:
  world: world
  x: -156.87857911285585
  y: 86.0
  z: -62.066168070578996
  yaw: -45.750046
  pitch: 20.850029
logoutlocation:
  world: world
  x: -103.5
  y: 68.0
  z: -19.5
  yaw: -229.80109
  pitch: 36.450016
