lastAccountName: Dragon_citi
timestamps:
  login: 1477531721743
  logout: 1477531731760
ipAddress: 117.2.130.122
socialspy: false
lastlocation:
  world: world
  x: -152.5
  y: 86.0
  z: -82.5
  yaw: 0.0
  pitch: 0.0
logoutlocation:
  world: world
  x: -159.5
  y: 88.0
  z: -77.5
  yaw: -15.600013
  pitch: 4.349986
