socialspy: false
lastAccountName: duvip158369
timestamps:
  login: 1478333917074
  kits:
    diemdanh: 1478334233051
    tanthu: 1478334195220
    food: 1478334224887
  lastteleport: 1478334797353
  logout: 1478335125137
ipAddress: 115.78.127.186
lastlocation:
  world: world
  x: -159.5
  y: 88.0
  z: -77.5
  yaw: 2.5499866
  pitch: -10.200014
logoutlocation:
  world: world
  x: 3256.897016375951
  y: 69.0
  z: 1648.828488502687
  yaw: 57.916695
  pitch: 24.300007
