socialspy: false
lastAccountName: Fire_gril
timestamps:
  login: 1477383412403
  logout: 1477383512370
ipAddress: 1.53.53.228
lastlocation:
  world: world
  x: -149.5
  y: 86.0
  z: -72.5
  yaw: 0.0
  pitch: 0.0
logoutlocation:
  world: world
  x: -110.4305778227916
  y: 68.0625
  z: -1.7629087244101003
  yaw: 338.55
  pitch: 4.349995
