socialspy: false
lastAccountName: talas
timestamps:
  login: 1477307545900
  logout: 1477307603673
ipAddress: 117.2.130.122
lastlocation:
  world: world
  x: -159.5
  y: 86.0
  z: -70.5
  yaw: 0.0
  pitch: 0.0
logoutlocation:
  world: world
  x: -159.5
  y: 88.0
  z: -77.5
  yaw: -28.199997
  pitch: 4.949987
