lastAccountName: gggggggggggggg
timestamps:
  login: 1477719511464
  logout: 1477719546225
ipAddress: 117.2.130.122
socialspy: false
lastlocation:
  world: world
  x: -150.5
  y: 86.0
  z: -73.5
  yaw: 0.0
  pitch: 0.0
logoutlocation:
  world: world
  x: -159.5
  y: 88.0
  z: -77.5
  yaw: 341.09995
  pitch: 82.94999
