socialspy: false
lastAccountName: fybit1
timestamps:
  login: 1487500670299
  logout: 1487500717827
ipAddress: 127.0.0.1
lastlocation:
  world: world
  x: -677.5
  y: 45.0
  z: 585.5
  yaw: 0.0
  pitch: 0.0
logoutlocation:
  world: world
  x: -159.5
  y: 4.0
  z: -77.5
  yaw: 2.5499866
  pitch: -10.200014
