lastlocation:
  world: world
  x: -176.75243514098696
  y: 86.5
  z: -51.72639619527652
  yaw: -272.66098
  pitch: -11.12303
socialspy: false
lastAccountName: giap
timestamps:
  login: 1476954207222
  lastteleport: 1476954291738
  logout: 1476954376798
ipAddress: 14.176.55.28
logoutlocation:
  world: world
  x: 3120.094921356834
  y: 64.0
  z: 1707.40072626949
  yaw: 253.68286
  pitch: 35.866596
