lastlocation:
  world: world
  x: -159.5
  y: 88.0
  z: -78.5
  yaw: 0.0
  pitch: 0.0
socialspy: false
lastAccountName: BacaBoy
timestamps:
  login: 1477556926986
  logout: 1477556938853
ipAddress: 115.78.125.136
logoutlocation:
  world: world
  x: -159.5
  y: 88.0
  z: -77.5
  yaw: 2.5499866
  pitch: -10.200014
