lastAccountName: LongTran
timestamps:
  login: 1477215663828
  lastteleport: 1477217149501
  logout: 1477217700151
  kits:
    diemdanh: 1477107399935
    tanthu: 1476801132128
    tools: 1476955971457
    food: 1477215582762
ipAddress: 113.184.194.233
socialspy: false
lastlocation:
  world: world
  x: 1972.300000011921
  y: 10.0
  z: 308.4222670730321
  yaw: -357.03976
  pitch: 90.0
logoutlocation:
  world: world
  x: 2170.2970203206482
  y: 14.0
  z: 1398.7139150262985
  yaw: -298.03467
  pitch: 89.7
money: '13939.3'
homes:
  home:
    world: world
    x: 2168.4853245001286
    y: 14.0
    z: 1397.7273532004647
    yaw: -182.38515
    pitch: 2.8499844
afk: false
nickname: §f§lLong§0§lMC
