lastAccountName: '0965918681'
timestamps:
  login: 1475243261158
  logout: 1475243269227
ipAddress: 192.168.15.102
lastlocation:
  world: world
  x: -215.5
  y: 103.5
  z: -50.5
  yaw: 270.0
  pitch: -1.0
logoutlocation:
  world: world
  x: 701.5
  y: 87.0
  z: -19.5
  yaw: 207.15019
  pitch: 46.64997
