socialspy: false
lastAccountName: Nhi_Tran
timestamps:
  login: 1477872662108
  lastteleport: 1477872911752
  logout: 1477873699941
ipAddress: 115.78.126.139
lastlocation:
  world: world
  x: -159.5
  y: 88.0
  z: -77.5
  yaw: -64.05001
  pitch: 16.649988
logoutlocation:
  world: world
  x: 2224.3055299230396
  y: 67.0
  z: 1482.4926321316045
  yaw: 292.68515
  pitch: 24.29997
