socialspy: false
lastAccountName: LegendaryBoy_HD
timestamps:
  login: 1479256618313
  logout: 1479256751370
ipAddress: 123.28.90.80
lastlocation:
  world: world
  x: -158.5
  y: 88.0
  z: -79.5
  yaw: 0.0
  pitch: 0.0
logoutlocation:
  world: world
  x: -224.15342787249656
  y: 101.0625
  z: -45.87374133729552
  yaw: -19.200014
  pitch: 26.699997
