socialspy: false
lastAccountName: fggfg
timestamps:
  login: 1476961082808
  kits:
    diemdanh: 1476961111194
  logout: 1476961120750
ipAddress: 113.169.197.74
lastlocation:
  world: world
  x: -163.5
  y: 86.0
  z: -68.5
  yaw: 0.0
  pitch: 0.0
logoutlocation:
  world: world
  x: -158.16372328285055
  y: 87.0
  z: -71.85369535848254
  yaw: 63.222336
  pitch: 48.52694
