socialspy: false
lastAccountName: D_3FUibs8YMOAHPS
timestamps:
  login: 1477319972630
  logout: 1477319976179
ipAddress: 216.230.148.77
lastlocation:
  world: world
  x: -162.5
  y: 88.0
  z: -81.5
  yaw: 0.0
  pitch: 0.0
logoutlocation:
  world: world
  x: -159.5
  y: 88.0
  z: -77.5
  yaw: 2.5499866
  pitch: -10.200014
