lastAccountName: hoang3409
timestamps:
  login: 1476591563414
  kits:
    diemdanh: 1476591582546
    tanthu: 1476591575588
    tools: 1476591571877
    food: 1476591579481
  lastteleport: 1476591707227
ipAddress: 103.237.144.215
lastlocation:
  world: world
  x: -114.31654785057121
  y: 68.0
  z: -38.862894061376934
  yaw: -186.14995
  pitch: 2.9999084
