socialspy: false
lastAccountName: 7svWNBhe_sAsTudR
timestamps:
  login: 1477319955522
  logout: 1477319967196
ipAddress: 104.196.9.81
lastlocation:
  world: world
  x: -152.5
  y: 86.0
  z: -75.5
  yaw: 0.0
  pitch: 0.0
logoutlocation:
  world: world
  x: -159.5
  y: 88.0
  z: -77.5
  yaw: 2.5499866
  pitch: -10.200014
