lastAccountName: Kunzed02
timestamps:
  login: 1476858923277
  logout: 1476859014056
  kits:
    food: 1476857716266
ipAddress: 123.18.42.192
socialspy: false
lastlocation:
  world: world
  x: -156.5
  y: 86.0
  z: -87.5
  yaw: 0.0
  pitch: 0.0
logoutlocation:
  world: world
  x: -111.26575496065075
  y: 68.5
  z: -71.09823562028703
  yaw: -179.09996
  pitch: 8.4000025
