lastAccountName: CuongYeuSinhLi
timestamps:
  login: 1476967745620
  logout: 1476967778950
ipAddress: 113.179.99.0
socialspy: false
lastlocation:
  world: world
  x: -157.5
  y: 88.0
  z: -75.5
  yaw: 0.0
  pitch: 0.0
logoutlocation:
  world: world
  x: -160.7284789457721
  y: 87.5
  z: -73.76130984695645
  yaw: -1.2000138
  pitch: 28.949987
