lastAccountName: truonganlove
timestamps:
  login: 1477627900481
  logout: 1477627949083
ipAddress: 117.2.130.122
socialspy: false
lastlocation:
  world: world
  x: -164.5
  y: 87.0
  z: -75.5
  yaw: 0.0
  pitch: 0.0
logoutlocation:
  world: world
  x: -159.5
  y: 88.0
  z: -77.5
  yaw: -251.55016
  pitch: 85.19998
