socialspy: false
lastAccountName: vip_1539
timestamps:
  login: 1477185813951
  lastteleport: 1477185838894
  kits:
    diemdanh: 1477185850087
  logout: 1477185857618
ipAddress: 113.180.87.35
lastlocation:
  world: world
  x: -159.5
  y: 88.0
  z: -77.5
  yaw: 2.5499866
  pitch: -10.200014
logoutlocation:
  world: world
  x: -103.85272022362123
  y: 68.0625
  z: -21.350837029559333
  yaw: 218.55
  pitch: 27.599989
