lastAccountName: Craft
timestamps:
  login: 1476529310812
  logout: 1476529350383
ipAddress: 103.237.144.215
lastlocation:
  world: world
  x: -160.5
  y: 87.0
  z: -74.5
  yaw: 0.0
  pitch: 0.0
logoutlocation:
  world: world
  x: -159.8380029796954
  y: 87.0
  z: -74.24584229240659
  yaw: -335.49872
  pitch: 39.179382
