socialspy: false
lastAccountName: notch0908
timestamps:
  login: 1479005009397
  lastteleport: 1479005045259
  kits:
    diemdanh: 1479005131279
  logout: 1479005181914
ipAddress: 117.3.71.91
lastlocation:
  world: world
  x: -159.5
  y: 88.0
  z: -77.5
  yaw: -19.050018
  pitch: -37.650013
logoutlocation:
  world: world
  x: -105.4898779238885
  y: 68.0
  z: -62.40582959494496
  yaw: 180.14838
  pitch: 28.800007
