lastAccountName: WTF_CuteBoy1
timestamps:
  login: 1479040609423
  logout: 1479040676312
ipAddress: 117.3.46.58
socialspy: false
lastlocation:
  world: world
  x: -160.5
  y: 86.0
  z: -68.5
  yaw: 0.0
  pitch: 0.0
logoutlocation:
  world: world
  x: -159.5
  y: 88.0
  z: -77.5
  yaw: 3.8999865
  pitch: -6.750014
