socialspy: false
lastAccountName: TiPuong
timestamps:
  login: 1478736255698
  logout: 1478736279334
ipAddress: 113.188.78.5
lastlocation:
  world: world
  x: -168.5
  y: 86.0
  z: -79.5
  yaw: 0.0
  pitch: 0.0
logoutlocation:
  world: world
  x: -159.5
  y: 88.0
  z: -77.5
  yaw: -10.8000555
  pitch: 37.349983
