lastAccountName: anhvi123
timestamps:
  login: 1477630021442
  logout: 1477630203226
socialspy: false
ipAddress: 117.2.130.122
lastlocation:
  world: world
  x: -158.5
  y: 86.0
  z: -84.5
  yaw: 0.0
  pitch: 0.0
logoutlocation:
  world: world
  x: -159.5
  y: 88.0
  z: -77.5
  yaw: 124.04994
  pitch: 48.599983
