socialspy: false
lastAccountName: dQt22wQoRq4R0BtK
timestamps:
  login: 1477319959306
  logout: 1477319962453
ipAddress: 91.134.232.61
lastlocation:
  world: world
  x: -160.5
  y: 87.0
  z: -80.5
  yaw: 0.0
  pitch: 0.0
logoutlocation:
  world: world
  x: -159.5
  y: 88.0
  z: -77.5
  yaw: 2.5499866
  pitch: -10.200014
