socialspy: false
lastAccountName: fqeFW
timestamps:
  login: 1477835142953
  kits:
    diemdanh: 1477835184930
  logout: 1477835191808
ipAddress: 113.180.87.173
lastlocation:
  world: world
  x: -154.5
  y: 86.0
  z: -87.5
  yaw: 0.0
  pitch: 0.0
logoutlocation:
  world: world
  x: -101.45840037797842
  y: 68.0625
  z: -21.26796121141279
  yaw: -58.650055
  pitch: 20.249956
