lastAccountName: pelus132
timestamps:
  login: 1476604740869
  logout: 1476604809492
ipAddress: 103.237.144.215
lastlocation:
  world: world
  x: -169.5
  y: 86.0
  z: -73.5
  yaw: 0.0
  pitch: 0.0
logoutlocation:
  world: world
  x: -115.85241405271589
  y: 68.0
  z: -51.34321031957901
  yaw: -63.000336
  pitch: 16.649954
