lastAccountName: TACH_GAMING
timestamps:
  login: 1479007228323
  logout: 1479007279292
ipAddress: 117.3.71.91
lastlocation:
  world: world
  x: -150.5
  y: 86.0
  z: -73.5
  yaw: 0.0
  pitch: 0.0
socialspy: false
logoutlocation:
  world: world
  x: -159.5
  y: 88.0
  z: -77.5
  yaw: 59.249973
  pitch: 37.19999
