lastAccountName: ghgf
timestamps:
  login: 1478390588140
  logout: 1478390606543
ipAddress: 113.169.122.176
socialspy: false
lastlocation:
  world: world
  x: -150.5
  y: 86.0
  z: -69.5
  yaw: 0.0
  pitch: 0.0
logoutlocation:
  world: world
  x: -159.5
  y: 88.0
  z: -77.5
  yaw: 2.5499866
  pitch: -10.200014
