socialspy: false
lastlocation:
  world: world
  x: -160.1592729750159
  y: 86.0
  z: -70.27920119826118
  yaw: 14.699986
  pitch: 2.699986
lastAccountName: Kassa_town01
timestamps:
  login: 1476944010165
  lastteleport: 1476944074790
  logout: 1476944110621
ipAddress: 14.170.2.174
logoutlocation:
  world: world
  x: 2923.2023847933046
  y: 70.5
  z: 1702.5116649434785
  yaw: 271.06635
  pitch: -0.900007
