socialspy: false
lastAccountName: Jenk
timestamps:
  login: 1478094368823
  logout: 1478094422381
ipAddress: 203.205.33.86
lastlocation:
  world: world
  x: -164.5
  y: 87.0
  z: -79.5
  yaw: 0.0
  pitch: 0.0
logoutlocation:
  world: world
  x: -158.61450252458133
  y: 86.0
  z: -53.19777839894123
  yaw: 12.7500305
  pitch: -8.100042
