lastAccountName: haddadadad
timestamps:
  login: 1478413039081
  lastteleport: 1478413217735
  kits:
    diemdanh: 1478413148235
  logout: 1478413236049
ipAddress: 171.250.102.100
socialspy: false
lastlocation:
  world: world
  x: 4540.147162505523
  y: 111.0
  z: -2473.2462185596446
  yaw: -133.75096
  pitch: 50.849964
logoutlocation:
  world: world
  x: -106.21316248036447
  y: 68.0625
  z: -29.47100593650248
  yaw: -93.00191
  pitch: 47.400013
