lastAccountName: Datgalaxydragon
timestamps:
  login: 1476600009067
  lastteleport: 1476596548185
  logout: 1476600276130
  mute: 0
  kits:
    food: 1476600249550
ipAddress: 103.237.144.215
lastlocation:
  world: world
  x: -142.86505522722723
  y: 69.19347388999101
  z: -10.418199568499311
  yaw: 220.94896
  pitch: 90.0
logoutlocation:
  world: world
  x: -132.93440268963977
  y: 75.0
  z: -61.287898207347254
  yaw: 303.7499
  pitch: 8.549974
muted: false
