socialspy: false
lastAccountName: phuvippro
timestamps:
  login: 1478997109277
  kits:
    tanthu: 1478997193167
  logout: 1478999789939
ipAddress: 115.78.127.186
lastlocation:
  world: world
  x: -162.5
  y: 88.0
  z: -81.5
  yaw: 0.0
  pitch: 0.0
afk: false
logoutlocation:
  world: world
  x: 3213.944943267673
  y: 68.0
  z: 1641.3068357626087
  yaw: -123.28357
  pitch: 11.999941
