lastAccountName: Minh_me147ccsdw
timestamps:
  login: 1478753176135
  kits:
    diemdanh: 1477283322655
  lastteleport: 1477283333252
  logout: 1478753223641
ipAddress: 117.2.130.122
socialspy: false
lastlocation:
  world: world
  x: -159.5
  y: 88.0
  z: -77.5
  yaw: 2.5499866
  pitch: -10.200014
logoutlocation:
  world: world
  x: -159.5
  y: 88.0
  z: -77.5
  yaw: -31.200016
  pitch: 36.299984
