world: world
x: -255.5154510581619
y: 22.0
z: -140.5264941502607
yaw: 181.50134
pitch: 3.1500022
name: b
