world: world
x: 1060.4738770076722
y: 22.0
z: 973.574852986898
yaw: -180.0023
pitch: 1.9499699
name: c
