world: world
x: -23.465435490827897
y: 14.0
z: 313.45213841084626
yaw: 179.87744
pitch: 6.1498933
name: choden
