world: world
x: 168.50033093691218
y: 22.0
z: -63.53408765375614
yaw: 180.14587
pitch: 2.849999
name: d
