world: world
x: 358.5175932319549
y: 22.0
z: 144.54580025215398
yaw: 180.59871
pitch: 2.0999913
name: e
