world: world
x: -41.45091370475872
y: 38.0
z: 171.4272142420152
yaw: -0.8729248
pitch: 0.30000323
name: enchant
