world: world
x: 388.4751061414918
y: 22.0
z: 412.5023001916514
yaw: 180.59877
pitch: 2.3999991
name: f
