world: world
x: 2061.500982392026
y: 22.0
z: 979.5730720930225
yaw: 181.04951
pitch: 2.5499873
name: g
