world: world
x: 3061.46070766877
y: 22.0
z: 979.601912590805
yaw: 180.44983
pitch: 2.2500079
name: h
