world: world
x: -328.5126350950654
y: 22.0
z: 369.41781479465413
yaw: 180.29967
pitch: 1.8000382
name: i
