world: world
x: 3061.532614615915
y: 22.0
z: 1979.4338336461026
yaw: 178.64902
pitch: 1.9499971
name: j
