world: world
x: -133.62142658786553
y: 22.0
z: 613.7106242398902
yaw: 183.89969
pitch: 2.3999736
name: k
