world: world
x: 3061.5154285513695
y: 22.0
z: 2979.5583324487743
yaw: 181.34927
pitch: 2.849994
name: l
