world: world
x: 434.4024175510862
y: 22.0
z: -132.24828405394592
yaw: 181.64728
pitch: 2.2499888
name: m
