world: world
x: 676.7062895384427
y: 22.0
z: 138.78599937301905
yaw: 188.54897
pitch: -3.0000176
name: n
