world: world
x: -2.4314399320400435
y: 40.0
z: 410.77323267629237
yaw: -2.2215126
pitch: 1.499973
name: nung
