world: world
x: 3061.510357028915
y: 22.0
z: 3979.632716458179
yaw: 180.60046
pitch: 0.15003526
name: o
