world: world
x: 4061.5078770017944
y: 22.0
z: 3979.453366403545
yaw: 179.24974
pitch: 1.9500092
name: p
