world: pvp
x: 1701.466449251513
y: 12.0
z: -1027.5335786450003
yaw: -90.14993
pitch: -1.0500033
name: pvp
