world: world
x: 739.515993385927
y: 22.0
z: 696.5256806483146
yaw: 183.59961
pitch: -0.44999018
name: q
