world: world
x: -80.5
y: 38.0
z: 260.5
yaw: -270.12265
pitch: -4.350003
name: quayso
