world: world
x: 770.4077485954962
y: 22.0
z: 404.6520299217078
yaw: 185.2497
pitch: 2.2500174
name: r
