world: world
x: 7052.46504221905
y: 22.0
z: 6975.529064854384
yaw: 181.2
pitch: 2.549996
name: s
