world: world
x: 811.6184148480593
y: 22.0
z: -117.87860159400552
yaw: 183.15082
pitch: 1.6500089
name: t
