world: world
x: -33.47687876036111
y: 40.0
z: 405.5271919757263
yaw: -231.9046
pitch: -5.100013
name: thegioikhac
