world: world
x: -56.56764163943307
y: 38.0
z: 260.4957768168459
yaw: -90.72086
pitch: -0.15003397
name: trade
