world: world
x: 1099.5394808655697
y: 22.0
z: -213.8467106408778
yaw: 186.00113
pitch: 1.8000288
name: u
