world: world
x: 1071.400800107159
y: 22.0
z: -545.2859310559198
yaw: 181.20168
pitch: 3.4500155
name: v
