world: world
x: 8053.521192405932
y: 22.0
z: 7975.239941965748
yaw: 180.15428
pitch: 0.450032
name: vip1
