world: world
x: 8053.311435880749
y: 22.0
z: 8975.70320483312
yaw: 181.80508
pitch: 2.5498812
name: vip2
