world: world
x: 8051.4876167585935
y: 22.0
z: 9975.748248816997
yaw: 182.25517
pitch: 0.899912
name: vip3
