world: world
x: 1024.5254874522211
y: 22.0
z: -878.5139007920872
yaw: 181.35223
pitch: 6.4500074
name: w
