world: world
x: 4061.567737848748
y: 22.0
z: 4979.631620270345
yaw: 179.85014
pitch: 2.1000168
name: x
