world: world
x: 5061.415139268495
y: 22.0
z: 4979.584801477664
yaw: 180.89862
pitch: 1.3499738
name: y
