world: world
x: 471.73165413553846
y: 22.0
z: -562.4331002573012
yaw: -177.60059
pitch: 1.5000757
name: z
