world: world
x: -4933.92552063226
y: 83.0
z: 396.919598930922
yaw: 179.81946
pitch: 2.8499222
name: boss
