socialspy: false
lastAccountName: Minelg
timestamps:
  login: 1487447509934
  logout: 1487447609814
ipAddress: 192.168.69.101
lastlocation:
  world: world
  x: -4970.5
  y: 131.0
  z: -160.5
  yaw: 0.0
  pitch: 0.0
logoutlocation:
  world: world
  x: -4969.54047167101
  y: 67.0
  z: -160.47180921241775
  yaw: 88.19996
  pitch: -4.199998
