lastAccountName: admina
timestamps:
  login: 1487450286919
  logout: 1487450293828
ipAddress: 192.168.69.101
socialspy: false
lastlocation:
  world: world
  x: -4979.5
  y: 130.0
  z: -164.5
  yaw: 0.0
  pitch: 0.0
logoutlocation:
  world: world
  x: -4969.54047167101
  y: 67.0
  z: -160.47180921241775
  yaw: 82.199974
  pitch: 8.550003
