lastAccountName: owner
timestamps:
  login: 1487449207207
  logout: 1487449510847
ipAddress: 192.168.69.101
lastlocation:
  world: world
  x: -4966.5
  y: 111.0
  z: -153.5
  yaw: 0.0
  pitch: 0.0
socialspy: false
afk: false
logoutlocation:
  world: world
  x: -4969.5
  y: 67.0
  z: -160.5
  yaw: 89.09996
  pitch: -5.3999977
