spawns: 
  default: 
    world: world
    x: 347.5302727716466
    y: 83.0
    z: -268.4138742155284
    yaw: 93.30004
    pitch: -4.199995
