spawns: 
  default: 
    world: world
    x: -4969.54047167101
    y: 67.0
    z: -160.47180921241775
    yaw: 89.39996
    pitch: -6.5999975
