lastAccountName: adks
timestamps:
  login: 1489080172692
  lastteleport: 1489079756125
  logout: 1489080231389
ipAddress: 192.168.69.160
lastlocation:
  world: world
  x: -34.02948681496498
  y: 11.5
  z: 293.6149949071331
  yaw: 168.4773
  pitch: 12.749859
logoutlocation:
  world: world
  x: -28.299493922491934
  y: 45.0
  z: 205.75243048013778
  yaw: 74.72781
  pitch: 37.50009
