spawns: 
  default: 
    world: world
    x: -79.5056041344545
    y: 46.0
    z: 179.5861227397436
    yaw: 358.94995
    pitch: 2.8499956
